Date,Open,High,Low,Close,Adj Close,Volume
2018-01-02,81.72000122070312,83.11000061035156,80.44000244140625,82.93000030517578,80.25678253173828,760200
2018-01-03,82.62000274658203,83.05000305175781,81.6500015258789,82.26000213623047,79.6083984375,1030100
2018-01-04,83.04000091552734,84.01000213623047,82.80999755859375,83.37000274658203,80.68260192871094,673700
2018-01-05,83.68000030517578,83.95999908447266,80.69000244140625,81.83000183105469,79.1922378540039,985600
2018-01-08,81.83000183105469,82.47000122070312,81.66999816894531,82.37000274658203,79.71484375,312800
2018-01-09,82.76000213623047,83.66999816894531,82.33999633789062,83.08999633789062,80.41165161132812,371400
2018-01-10,83.30000305175781,83.36000061035156,82.1500015258789,82.37999725341797,79.72450256347656,385500
2018-01-11,82.81999969482422,84.1500015258789,82.81999969482422,84.0199966430664,81.3116455078125,351600
2018-01-12,84.2699966430664,85.37000274658203,84.16999816894531,85.19999694824219,82.45360565185547,421100
2018-01-16,85.19999694824219,86.23999786376953,84.04000091552734,84.19999694824219,81.4858627319336,559800
2018-01-17,84.51000213623047,84.8499984741211,82.44999694824219,82.72000122070312,80.05355072021484,629300
2018-01-18,82.81999969482422,82.98999786376953,81.61000061035156,81.83999633789062,79.20191192626953,693000
2018-01-19,81.98999786376953,82.83000183105469,81.55000305175781,82.80000305175781,80.1309814453125,544000
2018-01-22,82.69999694824219,82.87999725341797,82.0999984741211,82.5,79.8406753540039,450500
2018-01-23,82.7300033569336,82.95999908447266,82.16999816894531,82.70999908447266,80.04387664794922,562400
2018-01-24,83.12999725341797,83.43000030517578,82.29000091552734,82.7300033569336,80.063232421875,584000
2018-01-25,83.38999938964844,83.54000091552734,81.83000183105469,82.31999969482422,79.66645812988281,547600
2018-01-26,82.3499984741211,82.70999908447266,81.5199966430664,82.25,79.59870147705078,823000
2018-01-29,82.31999969482422,84.79000091552734,82.31999969482422,83.83999633789062,81.13745880126953,772800
2018-01-30,83.02999877929688,83.5,81.56999969482422,82.41000366210938,79.7535629272461,405900
2018-01-31,82.80000305175781,83.4800033569336,80.80000305175781,81.04000091552734,78.42772674560547,638400
2018-02-01,80.61000061035156,82.05999755859375,80.01000213623047,81.26000213623047,78.64063262939453,532600
2018-02-02,79.3499984741211,80.0,72.88999938964844,73.4000015258789,71.03398132324219,3385100
2018-02-05,72.72000122070312,74.51000213623047,71.8499984741211,71.97000122070312,69.65007019042969,1967400
2018-02-06,70.94999694824219,73.4800033569336,70.0999984741211,72.83999633789062,70.49203491210938,1832000
2018-02-07,72.43000030517578,73.66000366210938,72.16000366210938,72.83000183105469,70.48235321044922,943800
2018-02-08,72.55999755859375,73.04000091552734,71.11000061035156,71.1500015258789,68.97015380859375,1346100
2018-02-09,71.5199966430664,72.37000274658203,69.75,71.76000213623047,69.56145477294922,1129400
2018-02-12,71.77999877929688,72.87000274658203,70.8499984741211,72.0,69.79409790039062,782700
2018-02-13,71.66000366210938,72.69999694824219,71.05999755859375,71.9800033569336,69.77471923828125,524100
2018-02-14,71.30000305175781,73.5,71.23999786376953,73.19999694824219,70.95734405517578,1550500
2018-02-15,73.7300033569336,74.87000274658203,73.20999908447266,74.61000061035156,72.32414245605469,572900
2018-02-16,75.12000274658203,78.37999725341797,74.83000183105469,77.2699966430664,74.90265655517578,1457700
2018-02-20,76.7300033569336,81.5,74.76000213623047,80.0,77.54900360107422,1892300
2018-02-21,79.9000015258789,83.16000366210938,79.9000015258789,81.73999786376953,79.2357177734375,1032200
2018-02-22,82.25,84.13999938964844,82.04000091552734,82.30000305175781,79.77854919433594,1188400
2018-02-23,82.3499984741211,83.41000366210938,82.3499984741211,83.4000015258789,80.8448486328125,543800
2018-02-26,83.9800033569336,84.31999969482422,82.9000015258789,83.83999633789062,81.27135467529297,597200
2018-02-27,83.51000213623047,84.4800033569336,82.05000305175781,82.05999755859375,79.54591369628906,1238100
2018-02-28,82.38999938964844,82.77999877929688,81.31999969482422,81.33999633789062,78.84796142578125,922600
2018-03-01,81.33999633789062,81.44999694824219,79.41999816894531,79.88999938964844,77.4423828125,911500
2018-03-02,79.08999633789062,81.44000244140625,78.83999633789062,81.19999694824219,78.71224975585938,732600
2018-03-05,80.97000122070312,83.4800033569336,80.44000244140625,83.18000030517578,80.63158416748047,554700
2018-03-06,83.69000244140625,84.33000183105469,82.87999725341797,83.44000244140625,80.88362121582031,843500
2018-03-07,82.69999694824219,83.4800033569336,82.36000061035156,83.02999877929688,80.4861831665039,675100
2018-03-08,83.19000244140625,83.38999938964844,82.19000244140625,82.4000015258789,79.87549591064453,594200
2018-03-09,83.12000274658203,84.04000091552734,82.68000030517578,83.58999633789062,81.02902221679688,529400
2018-03-12,83.91999816894531,84.29000091552734,82.79000091552734,82.88999938964844,80.35047912597656,694700
2018-03-13,83.19000244140625,83.86000061035156,82.29000091552734,82.58000183105469,80.04998016357422,592600
2018-03-14,83.16000366210938,84.0999984741211,82.76000213623047,82.86000061035156,80.32138061523438,464500
2018-03-15,82.8499984741211,83.54000091552734,81.66000366210938,81.87999725341797,79.37141418457031,462900
2018-03-16,82.0,82.80999755859375,81.30999755859375,82.44000244140625,79.91425323486328,729300
2018-03-19,81.87999725341797,82.5,81.06999969482422,81.88999938964844,79.38111114501953,345100
2018-03-20,81.8499984741211,82.47000122070312,80.87999725341797,81.02999877929688,78.54745483398438,737900
2018-03-21,81.05000305175781,82.19000244140625,80.58000183105469,81.51000213623047,79.01275634765625,561200
2018-03-22,80.66000366210938,81.16999816894531,78.30000305175781,78.36000061035156,75.95925903320312,543500
2018-03-23,78.75,78.75,77.44999694824219,77.48999786376953,75.11589813232422,630200
2018-03-26,78.73999786376953,80.73999786376953,78.02999877929688,80.61000061035156,78.14033508300781,940100
2018-03-27,81.1500015258789,82.58999633789062,80.30000305175781,80.70999908447266,78.23726654052734,742500
2018-03-28,80.76000213623047,80.76000213623047,79.30000305175781,80.02999877929688,77.57810974121094,512400
2018-03-29,80.66999816894531,82.08000183105469,80.05999755859375,81.4000015258789,78.9061279296875,719400
2018-04-02,81.16000366210938,81.48999786376953,79.05999755859375,79.77999877929688,77.33576202392578,624000
2018-04-03,80.25,81.12000274658203,79.77999877929688,80.62000274658203,78.15003204345703,937300
2018-04-04,79.19000244140625,81.05999755859375,78.80000305175781,80.86000061035156,78.38268280029297,1026900
2018-04-05,81.38999938964844,82.29000091552734,80.69999694824219,81.45999908447266,78.96428680419922,788600
2018-04-06,81.06999969482422,81.7699966430664,78.97000122070312,80.16000366210938,77.7041244506836,537500
2018-04-09,80.9000015258789,81.1500015258789,79.88999938964844,79.94999694824219,77.50054931640625,508200
2018-04-10,81.05999755859375,82.62999725341797,80.72000122070312,82.02999877929688,79.5168228149414,629000
2018-04-11,81.22000122070312,81.69000244140625,80.58000183105469,81.41999816894531,78.92549133300781,390700
2018-04-12,81.91999816894531,83.30000305175781,81.62000274658203,82.7300033569336,80.19537353515625,404200
2018-04-13,83.12999725341797,83.79000091552734,81.31999969482422,81.69000244140625,79.1872329711914,573300
2018-04-16,82.55000305175781,83.79000091552734,82.22000122070312,83.19000244140625,80.64128112792969,397200
2018-04-17,83.81999969482422,84.43000030517578,82.69000244140625,82.72000122070312,80.18566131591797,600800
2018-04-18,83.08000183105469,84.22000122070312,83.02999877929688,83.43000030517578,80.87391662597656,440400
2018-04-19,83.38999938964844,84.16000366210938,83.01000213623047,83.79000091552734,81.22291564941406,528200
2018-04-20,83.63999938964844,89.47000122070312,82.56999969482422,87.54000091552734,84.85801696777344,4165500
2018-04-23,88.98999786376953,89.98999786376953,87.72000122070312,88.04000091552734,85.34268951416016,1428000
2018-04-24,89.4000015258789,92.16999816894531,89.4000015258789,90.33999633789062,87.57221984863281,2123400
2018-04-25,90.73999786376953,91.3499984741211,88.83000183105469,89.37999725341797,86.64163970947266,895600
2018-04-26,89.4800033569336,90.36000061035156,88.43000030517578,88.94000244140625,86.21511840820312,595600
2018-04-27,88.0,89.51000213623047,87.61000061035156,89.37000274658203,86.63194274902344,547500
2018-04-30,89.8499984741211,90.37999725341797,88.69999694824219,88.80999755859375,86.08909606933594,491800
2018-05-01,88.37999725341797,88.93000030517578,87.2300033569336,88.72000122070312,86.00184631347656,998500
2018-05-02,88.47000122070312,89.02999877929688,87.41999816894531,87.61000061035156,84.92585754394531,710700
2018-05-03,87.55000305175781,89.29000091552734,86.6500015258789,88.58999633789062,85.8758316040039,525500
2018-05-04,88.26000213623047,90.56999969482422,87.88999938964844,89.97000122070312,87.21356964111328,408700
2018-05-07,90.19999694824219,91.95999908447266,87.86000061035156,91.12999725341797,88.33802032470703,383900
2018-05-08,91.2699966430664,92.61000061035156,90.72000122070312,92.08000183105469,89.25888061523438,1119700
2018-05-09,92.1500015258789,93.8499984741211,92.05999755859375,93.48999786376953,90.6257095336914,976800
2018-05-10,93.4800033569336,94.29000091552734,93.31999969482422,93.83000183105469,91.07218170166016,923600
2018-05-11,94.0,94.20999908447266,92.61000061035156,93.05999755859375,90.32484436035156,481300
2018-05-14,94.19000244140625,95.54000091552734,92.97000122070312,93.18000030517578,90.44129943847656,732000
2018-05-15,92.58000183105469,93.19999694824219,91.95999908447266,93.19000244140625,90.45101928710938,549000
2018-05-16,93.22000122070312,95.16000366210938,93.22000122070312,94.56999969482422,91.79045104980469,689600
2018-05-17,94.41999816894531,94.94999694824219,93.62000274658203,94.1500015258789,91.38279724121094,594100
2018-05-18,94.3499984741211,95.38999938964844,94.3499984741211,95.19000244140625,92.39221954345703,412200
2018-05-21,95.27999877929688,100.27999877929688,95.0,98.55000305175781,95.65348052978516,3241100
2018-05-22,99.05000305175781,99.79000091552734,97.30000305175781,97.47000122070312,94.60520935058594,1222000
2018-05-23,96.9000015258789,97.05999755859375,95.20999908447266,96.66000366210938,93.81902313232422,770500
2018-05-24,96.44000244140625,97.44000244140625,96.26000213623047,97.0,94.14903259277344,451600
2018-05-25,96.30999755859375,98.52999877929688,96.30999755859375,97.33999633789062,94.4790267944336,561100
2018-05-29,97.2300033569336,97.55000305175781,96.04000091552734,96.86000061035156,94.01313018798828,707600
2018-05-30,97.41999816894531,98.97000122070312,97.23999786376953,98.37000274658203,95.47876739501953,705100
2018-05-31,98.41000366210938,98.45999908447266,96.8499984741211,97.51000213623047,94.64405059814453,696400
2018-06-01,98.55999755859375,100.04000091552734,98.04000091552734,99.91000366210938,96.97349548339844,848000
2018-06-04,100.16000366210938,100.95999908447266,98.77999877929688,99.05999755859375,96.14847564697266,593900
2018-06-05,99.19999694824219,100.08999633789062,98.73999786376953,100.0199966430664,97.08026123046875,724800
2018-06-06,100.5,101.9000015258789,100.19999694824219,101.58999633789062,98.60411834716797,716100
2018-06-07,101.68000030517578,102.11000061035156,101.01000213623047,101.87999725341797,98.88558959960938,418400
2018-06-08,101.94999694824219,102.98999786376953,101.72000122070312,102.69000244140625,99.67179870605469,825000
2018-06-11,102.61000061035156,102.9800033569336,101.83000183105469,102.79000091552734,99.76885986328125,353500
2018-06-12,102.63999938964844,104.20999908447266,102.3499984741211,102.97000122070312,99.94357299804688,447400
2018-06-13,103.01000213623047,103.12000274658203,100.91000366210938,101.02999877929688,98.06057739257812,698500
2018-06-14,101.25,102.11000061035156,100.9000015258789,102.01000213623047,99.01177215576172,500300
2018-06-15,101.08999633789062,102.88999938964844,100.4800033569336,102.47000122070312,99.45824432373047,843200
2018-06-18,101.7300033569336,103.04000091552734,101.0199966430664,102.5999984741211,99.58444213867188,522300
2018-06-19,101.38999938964844,102.3499984741211,100.91999816894531,102.02999877929688,99.03118133544922,671900
2018-06-20,102.43000030517578,102.7699966430664,102.01000213623047,102.61000061035156,99.5941390991211,516600
2018-06-21,102.3499984741211,102.83999633789062,100.13999938964844,100.43000030517578,97.47821044921875,553300
2018-06-22,101.30999755859375,101.81999969482422,100.16999816894531,100.69999694824219,97.74028778076172,904700
2018-06-25,100.41000366210938,100.48999786376953,98.12000274658203,98.66999816894531,95.76992797851562,812500
2018-06-26,99.08999633789062,99.31999969482422,98.20999908447266,98.41000366210938,95.51759338378906,525800
2018-06-27,99.02999877929688,100.19000244140625,98.3499984741211,98.4000015258789,95.50787353515625,759600
2018-06-28,98.20999908447266,98.9800033569336,97.47000122070312,98.1500015258789,95.26522064208984,746600
2018-06-29,98.27999877929688,99.52999877929688,97.77999877929688,98.58000183105469,95.6825942993164,949800
2018-07-02,98.12999725341797,99.51000213623047,97.38999938964844,99.13999938964844,96.22611999511719,580000
2018-07-03,99.66000366210938,100.33000183105469,99.06999969482422,99.29000091552734,96.37171936035156,209600
2018-07-05,100.29000091552734,100.33000183105469,98.81999969482422,99.80000305175781,96.86673736572266,811300
2018-07-06,99.70999908447266,100.68000030517578,99.55000305175781,100.0999984741211,97.15791320800781,566200
2018-07-09,100.7300033569336,102.06999969482422,100.47000122070312,101.66000366210938,98.67207336425781,768700
2018-07-10,101.58000183105469,102.27999877929688,100.81999969482422,101.87000274658203,98.87589263916016,835800
2018-07-11,100.76000213623047,102.33999633789062,100.56999969482422,102.18000030517578,99.17676544189453,581100
2018-07-12,102.80999755859375,103.76000213623047,101.33000183105469,103.68000030517578,100.63268280029297,722000
2018-07-13,103.55000305175781,105.0999984741211,103.55000305175781,104.06999969482422,101.0112075805664,696600
2018-07-16,104.38999938964844,104.48999786376953,102.73999786376953,102.75,99.73002624511719,610200
2018-07-17,102.58999633789062,103.2300033569336,101.93000030517578,102.38999938964844,99.38059997558594,613800
2018-07-18,102.68000030517578,103.9000015258789,102.04000091552734,103.8499984741211,100.79769134521484,716300
2018-07-19,103.26000213623047,105.04000091552734,103.26000213623047,104.79000091552734,101.71007537841797,827700
2018-07-20,104.91999816894531,105.44999694824219,104.11000061035156,104.72000122070312,101.64213562011719,697200
2018-07-23,104.13999938964844,105.29000091552734,103.2300033569336,105.29000091552734,102.19535827636719,1269100
2018-07-24,104.08999633789062,107.19000244140625,102.55000305175781,107.05000305175781,103.90364837646484,1658100
2018-07-25,107.41000366210938,109.81999969482422,107.41000366210938,109.66999816894531,106.4466323852539,1525200
2018-07-26,109.63999938964844,111.7300033569336,108.77999877929688,108.87999725341797,105.67985534667969,1890500
2018-07-27,109.44000244140625,109.44000244140625,107.01000213623047,108.36000061035156,105.17514038085938,901600
2018-07-30,108.88999938964844,110.66000366210938,108.5199966430664,108.9000015258789,105.69926452636719,998800
2018-07-31,109.43000030517578,111.37999725341797,109.4000015258789,110.31999969482422,107.0775375366211,1001100
2018-08-01,109.75,110.77999877929688,107.83999633789062,110.62000274658203,107.36872100830078,702900
2018-08-02,109.87999725341797,112.4000015258789,109.72000122070312,112.05000305175781,108.7566909790039,576700
2018-08-03,111.91999816894531,113.37999725341797,111.62000274658203,113.22000122070312,109.89230346679688,573600
2018-08-06,113.5,114.52999877929688,112.75,113.54000091552734,110.20291137695312,626800
2018-08-07,114.06999969482422,114.8499984741211,113.47000122070312,113.73999786376953,110.39701843261719,574500
2018-08-08,113.8499984741211,114.13999938964844,113.0,113.01000213623047,109.68846130371094,649300
2018-08-09,113.02999877929688,113.55999755859375,111.44999694824219,111.5,108.3379135131836,537900
2018-08-10,111.02999877929688,111.5,110.29000091552734,110.5,107.36624145507812,552000
2018-08-13,111.45999908447266,113.43000030517578,110.7699966430664,111.18000030517578,108.02696990966797,1486200
2018-08-14,111.19000244140625,112.5,111.19000244140625,111.66000366210938,108.49337768554688,721200
2018-08-15,110.88999938964844,111.4800033569336,108.77999877929688,109.66999816894531,106.55978393554688,754600
2018-08-16,110.22000122070312,111.29000091552734,109.83999633789062,110.62000274658203,107.48285675048828,556400
2018-08-17,109.37999725341797,110.51000213623047,107.7300033569336,109.97000122070312,106.85128784179688,719300
2018-08-20,110.08999633789062,110.45999908447266,109.73999786376953,110.22000122070312,107.09419250488281,513900
2018-08-21,110.5,110.75,110.33000183105469,110.41000366210938,107.27880096435547,774400
2018-08-22,110.16999816894531,110.58999633789062,109.66999816894531,110.0999984741211,106.97760009765625,451600
2018-08-23,109.95999908447266,109.95999908447266,108.68000030517578,108.81999969482422,105.73388671875,385700
2018-08-24,109.04000091552734,109.52999877929688,108.56999969482422,109.23999786376953,106.1419677734375,662200
2018-08-27,109.63999938964844,110.76000213623047,109.63999938964844,110.54000091552734,107.40511322021484,489600
2018-08-28,110.91999816894531,110.91999816894531,109.98999786376953,110.05999755859375,106.93873596191406,529300
2018-08-29,110.51000213623047,110.51000213623047,108.98999786376953,108.98999786376953,105.89907836914062,529600
2018-08-30,108.5199966430664,109.16000366210938,108.12999725341797,108.5,105.42298126220703,521700
2018-08-31,108.0,108.62000274658203,107.43000030517578,108.31999969482422,105.24807739257812,475600
2018-09-04,108.52999877929688,109.8499984741211,108.13999938964844,109.56999969482422,106.46263122558594,758100
2018-09-05,109.80999755859375,112.58999633789062,109.68000030517578,112.56999969482422,109.3775405883789,967300
2018-09-06,112.56999969482422,113.26000213623047,112.08000183105469,113.0,109.79534149169922,787800
2018-09-07,112.73999786376953,114.69000244140625,112.41999816894531,114.51000213623047,111.26251983642578,718000
2018-09-10,114.87999725341797,115.4000015258789,112.44999694824219,112.61000061035156,109.41641235351562,822300
2018-09-11,111.91999816894531,113.72000122070312,110.58999633789062,113.72000122070312,110.49491882324219,697000
2018-09-12,113.62999725341797,114.06999969482422,112.27999877929688,112.87000274658203,109.66902923583984,510700
2018-09-13,113.23999786376953,113.23999786376953,111.5999984741211,112.12000274658203,108.9403076171875,443100
2018-09-14,111.81999969482422,112.0,96.55999755859375,98.20999908447266,95.42479705810547,6583800
2018-09-17,100.06999969482422,105.29000091552734,99.31999969482422,105.0999984741211,102.11939239501953,2447600
2018-09-18,105.52999877929688,106.5,103.55999755859375,105.37999725341797,102.39144134521484,1732800
2018-09-19,106.0,106.0,104.80999755859375,105.37000274658203,102.38174438476562,1303700
2018-09-20,105.77999877929688,106.55000305175781,104.56999969482422,105.36000061035156,102.37203216552734,715700
2018-09-21,105.04000091552734,106.38999938964844,104.3499984741211,104.93000030517578,101.95421600341797,1088900
2018-09-24,104.48999786376953,105.75,104.37000274658203,105.62000274658203,102.62466430664062,727500
2018-09-25,106.31999969482422,107.0999984741211,105.98999786376953,106.7300033569336,103.70317077636719,677500
2018-09-26,106.37999725341797,107.66000366210938,105.9000015258789,106.66999816894531,103.6448745727539,1075500
2018-09-27,106.69000244140625,108.26000213623047,106.02999877929688,106.88999938964844,103.85863494873047,780000
2018-09-28,106.7300033569336,107.27999877929688,104.8499984741211,104.87999725341797,101.90563201904297,585600
2018-10-01,105.75,107.0199966430664,103.4000015258789,103.9800033569336,101.0311508178711,637300
2018-10-02,103.7699966430664,105.08000183105469,102.76000213623047,103.69000244140625,100.7493896484375,497100
2018-10-03,104.0999984741211,106.12999725341797,103.51000213623047,104.97000122070312,101.99308013916016,673100
2018-10-04,104.79000091552734,106.12000274658203,104.33000183105469,105.48999786376953,102.49832916259766,658600
2018-10-05,104.80999755859375,105.30000305175781,103.86000061035156,104.30000305175781,101.34208679199219,834600
2018-10-08,104.19999694824219,104.75,101.06999969482422,102.80999755859375,99.89434051513672,534100
2018-10-09,102.31999969482422,103.30999755859375,101.7300033569336,102.29000091552734,99.38909912109375,1242100
2018-10-10,101.61000061035156,102.16000366210938,99.27999877929688,99.54000091552734,96.71708679199219,1183800
2018-10-11,98.83999633789062,100.38999938964844,96.7699966430664,96.88999938964844,94.14222717285156,1073300
2018-10-12,97.95999908447266,97.95999908447266,93.87999725341797,95.43000030517578,92.7236328125,1175000
2018-10-15,95.7699966430664,97.62000274658203,95.7699966430664,96.9800033569336,94.22968292236328,532500
2018-10-16,98.22000122070312,100.41000366210938,97.18000030517578,100.33000183105469,97.48467254638672,507900
2018-10-17,99.51000213623047,101.04000091552734,99.2699966430664,100.06999969482422,97.23204040527344,554300
2018-10-18,99.79000091552734,100.44000244140625,97.6500015258789,98.02999877929688,95.2499008178711,538600
2018-10-19,98.22000122070312,98.80000305175781,95.52999877929688,95.79000091552734,93.07342529296875,446600
2018-10-22,96.61000061035156,97.27999877929688,95.55000305175781,97.0999984741211,94.34626770019531,719800
2018-10-23,94.01000213623047,95.86000061035156,92.16000366210938,95.06999969482422,92.37384796142578,907800
2018-10-24,94.83999633789062,96.08000183105469,90.58999633789062,91.1500015258789,88.56501770019531,910400
2018-10-25,91.51000213623047,92.69999694824219,89.83000183105469,91.06999969482422,88.4872817993164,717900
2018-10-26,90.33999633789062,91.12000274658203,87.94999694824219,88.41999816894531,85.91243743896484,1359400
2018-10-29,89.77999877929688,90.93000030517578,87.62999725341797,90.06999969482422,87.51564025878906,1550800
2018-10-30,86.4000015258789,86.4000015258789,81.38999938964844,85.5999984741211,83.17240142822266,5044700
2018-10-31,85.9000015258789,87.8499984741211,81.38999938964844,82.0199966430664,79.69393920898438,2119300
2018-11-01,81.9800033569336,86.0,81.8499984741211,84.9000015258789,82.49227142333984,1354900
2018-11-02,86.0,86.69000244140625,82.83999633789062,85.1500015258789,82.73516845703125,1272800
2018-11-05,85.05000305175781,86.37999725341797,83.41000366210938,84.12000274658203,81.73438262939453,953500
2018-11-06,84.0,86.06999969482422,83.22000122070312,84.6500015258789,82.24935150146484,858700
2018-11-07,85.25,87.25,84.22000122070312,87.19000244140625,84.71732330322266,875900
2018-11-08,86.66999816894531,87.52999877929688,86.0999984741211,87.48999786376953,85.00880432128906,779200
2018-11-09,86.06999969482422,87.37999725341797,85.45999908447266,87.05000305175781,84.58129119873047,1097600
2018-11-12,87.30000305175781,87.30000305175781,82.18000030517578,83.98999786376953,81.60807037353516,826000
2018-11-13,84.0199966430664,85.83999633789062,82.68000030517578,83.12000274658203,80.76274871826172,752000
2018-11-14,83.5999984741211,84.76000213623047,81.98999786376953,82.87000274658203,80.51982879638672,450300
2018-11-15,81.88999938964844,86.25,81.88999938964844,86.05000305175781,83.73088836669922,929600
2018-11-16,86.2300033569336,87.33999633789062,84.80999755859375,86.9800033569336,84.63582611083984,673900
2018-11-19,86.38999938964844,87.68000030517578,85.2699966430664,87.30999755859375,84.95692443847656,916100
2018-11-20,86.11000061035156,86.30000305175781,84.29000091552734,84.91000366210938,82.62163543701172,1230100
2018-11-21,85.16000366210938,86.69999694824219,85.08999633789062,86.05999755859375,83.7406234741211,428700
2018-11-23,84.86000061035156,86.68000030517578,84.86000061035156,85.70999908447266,83.4000473022461,248600
2018-11-26,86.48999786376953,88.4800033569336,86.44000244140625,88.29000091552734,85.91053009033203,653500
2018-11-27,88.05000305175781,88.77999877929688,87.08000183105469,88.18000030517578,85.80349731445312,562900
2018-11-28,88.72000122070312,92.12999725341797,88.0199966430664,91.79000091552734,89.3161849975586,921000
2018-11-29,91.11000061035156,93.04000091552734,91.11000061035156,92.66000366210938,90.16275024414062,1324000
2018-11-30,92.25,95.0199966430664,91.79000091552734,94.5999984741211,92.05046844482422,1185000
2018-12-03,96.5,96.5,92.08999633789062,92.88999938964844,90.38655853271484,1271500
2018-12-04,92.2300033569336,92.2300033569336,88.51000213623047,88.9800033569336,86.5819320678711,1229100
2018-12-06,86.87999725341797,88.37000274658203,84.87999725341797,88.33000183105469,85.94947052001953,1308500
2018-12-07,88.27999877929688,89.06999969482422,84.1500015258789,84.61000061035156,82.32969665527344,998200
2018-12-10,84.69999694824219,85.0,81.43000030517578,82.41000366210938,80.1889877319336,921400
2018-12-11,84.08000183105469,84.19000244140625,79.83999633789062,80.37000274658203,78.20396423339844,1083100
2018-12-12,81.69999694824219,82.22000122070312,78.86000061035156,79.19000244140625,77.05577850341797,1498900
2018-12-13,79.87999725341797,80.9800033569336,74.94999694824219,75.29000091552734,73.26087951660156,1346000
2018-12-14,74.37999725341797,75.91999816894531,72.91000366210938,73.2699966430664,71.29530334472656,1425300
2018-12-17,73.2699966430664,74.05000305175781,71.29000091552734,72.01000213623047,70.06928253173828,1198800
2018-12-18,72.58000183105469,73.30999755859375,70.54000091552734,71.06999969482422,69.15462493896484,1354400
2018-12-19,71.41000366210938,73.2699966430664,70.33999633789062,71.05000305175781,69.13516235351562,1927900
2018-12-20,70.76000213623047,71.5999984741211,68.5999984741211,69.54000091552734,67.6658706665039,1181900
2018-12-21,69.41000366210938,70.44999694824219,67.45999908447266,68.08000183105469,66.24520111083984,1742400
2018-12-24,67.63999938964844,68.02999877929688,65.73999786376953,66.27999877929688,64.49371337890625,556900
2018-12-26,66.66999816894531,70.06999969482422,65.44999694824219,69.97000122070312,68.08425903320312,1037400
2018-12-27,68.80999755859375,70.26000213623047,67.29000091552734,70.16000366210938,68.26913452148438,1215100
2018-12-28,70.20999908447266,70.68000030517578,67.76000213623047,68.51000213623047,66.6635971069336,1072200
2018-12-31,68.7699966430664,70.25,68.4000015258789,70.25,68.3567123413086,841700
2019-01-02,69.04000091552734,71.69999694824219,68.19999694824219,70.86000061035156,68.95027923583984,708500
2019-01-03,70.19999694824219,70.63999938964844,67.97000122070312,69.4800033569336,67.60745239257812,952100
2019-01-04,70.6500015258789,73.44999694824219,70.4000015258789,71.25,69.32975769042969,1423600
2019-01-07,71.44000244140625,72.25,70.22000122070312,70.56999969482422,68.66808319091797,1848700
2019-01-08,71.19999694824219,71.62999725341797,69.62000274658203,71.0,69.08648681640625,2228800
2019-01-09,71.72000122070312,74.12999725341797,70.8499984741211,72.30000305175781,70.3514633178711,1205100
2019-01-10,72.2699966430664,73.44999694824219,71.70999908447266,73.11000061035156,71.13963317871094,784600
2019-01-11,72.68000030517578,73.63999938964844,72.36000061035156,73.48999786376953,71.50938415527344,514500
2019-01-14,72.81999969482422,73.86000061035156,72.26000213623047,72.54000091552734,70.58499908447266,501600
2019-01-15,72.66000366210938,72.77999877929688,70.52999877929688,71.16000366210938,69.2421875,746700
2019-01-16,71.33999633789062,72.63999938964844,70.66999816894531,71.94999694824219,70.01087951660156,717500
2019-01-17,71.41000366210938,74.61000061035156,71.41000366210938,74.2300033569336,72.22944641113281,908200
2019-01-18,74.83000183105469,76.3499984741211,74.47000122070312,75.6500015258789,73.61117553710938,780400
2019-01-22,74.38999938964844,75.22000122070312,71.44999694824219,71.94999694824219,70.01087951660156,1213100
2019-01-23,72.23999786376953,72.45999908447266,70.05000305175781,70.25,68.3567123413086,1364700
2019-01-24,70.08999633789062,71.63999938964844,69.91000366210938,71.02999877929688,69.11568450927734,754200
2019-01-25,72.20999908447266,75.2300033569336,65.7699966430664,68.54000091552734,66.69279479980469,6343900
2019-01-28,67.26000213623047,67.58000183105469,65.08999633789062,67.30000305175781,65.48624420166016,3410000
2019-01-29,67.52999877929688,70.16000366210938,67.48999786376953,68.9000015258789,67.04309844970703,1911300
2019-01-30,69.58999633789062,69.58999633789062,67.91999816894531,68.4000015258789,66.55656433105469,1019100
2019-01-31,68.47000122070312,69.83000183105469,67.81999969482422,69.16000366210938,67.29608154296875,1024100
2019-02-01,69.08000183105469,70.0999984741211,68.0199966430664,70.02999877929688,68.14265441894531,1413300
2019-02-04,70.02999877929688,71.29000091552734,69.3499984741211,71.22000122070312,69.30058288574219,825900
2019-02-05,71.45999908447266,72.77999877929688,71.41999816894531,72.68000030517578,70.7212142944336,1014500
2019-02-06,72.5,73.01000213623047,72.08999633789062,72.69000244140625,70.73094940185547,747900
2019-02-07,72.33999633789062,73.30000305175781,71.72000122070312,73.27999877929688,71.42295837402344,724700
2019-02-08,72.76000213623047,73.45999908447266,71.5999984741211,73.4000015258789,71.5399169921875,991400
2019-02-11,74.0999984741211,74.30000305175781,73.3499984741211,73.86000061035156,71.98827362060547,686500
2019-02-12,74.44999694824219,74.9000015258789,70.41999816894531,70.55999755859375,68.77189636230469,1610300
2019-02-13,70.83000183105469,73.44999694824219,70.83000183105469,73.37000274658203,71.51068115234375,1290200
2019-02-14,73.16999816894531,73.47000122070312,71.69000244140625,72.05000305175781,70.22413635253906,1013500
2019-02-15,72.30000305175781,75.0,72.30000305175781,74.91999816894531,73.02140808105469,1029600
2019-02-19,74.44999694824219,75.73999786376953,74.25,74.56999969482422,72.6802749633789,1043600
2019-02-20,74.95999908447266,75.73999786376953,73.98999786376953,75.08000183105469,73.17733764648438,843900
2019-02-21,74.81999969482422,75.30999755859375,73.0999984741211,73.58000183105469,71.71537017822266,1271600
2019-02-22,72.7300033569336,74.12000274658203,72.26000213623047,73.36000061035156,71.50093078613281,1805100
2019-02-25,73.44999694824219,80.45999908447266,73.44999694824219,78.05999755859375,76.08181762695312,4839400
2019-02-26,76.33000183105469,77.56999969482422,73.19999694824219,73.95999908447266,72.08573150634766,27636600
2019-02-27,73.47000122070312,76.20999908447266,72.2300033569336,75.30000305175781,73.39176940917969,5232900
2019-02-28,75.25,75.25,71.19000244140625,73.26000213623047,71.40348052978516,4279700
2019-03-01,72.76000213623047,74.11000061035156,71.16000366210938,72.41999816894531,70.58475494384766,3778800
2019-03-04,72.0,73.9800033569336,72.0,73.63999938964844,71.77384185791016,2354500
2019-03-05,73.04000091552734,73.44999694824219,72.26000213623047,73.05000305175781,71.19880676269531,2548000
2019-03-06,72.5199966430664,72.66000366210938,68.61000061035156,69.01000213623047,67.26117706298828,3602000
2019-03-07,68.79000091552734,69.73999786376953,68.08999633789062,69.7300033569336,67.96292877197266,2003800
2019-03-08,68.9000015258789,70.2699966430664,68.37000274658203,70.12000274658203,68.34302520751953,2321300
2019-03-11,69.69999694824219,71.33999633789062,69.55000305175781,71.11000061035156,69.30794525146484,1972700
2019-03-12,71.0999984741211,72.33000183105469,70.76000213623047,71.79000091552734,69.970703125,1935600
2019-03-13,71.79000091552734,72.68000030517578,71.5999984741211,72.47000122070312,70.63350677490234,2533800
2019-03-14,72.1500015258789,72.70999908447266,72.0,72.26000213623047,70.4288101196289,1803800
2019-03-15,72.04000091552734,72.80999755859375,71.0,71.12000274658203,69.31769561767578,2060200
2019-03-18,71.33000183105469,72.3499984741211,71.02999877929688,72.0999984741211,70.27286529541016,1398000
2019-03-19,72.48999786376953,72.79000091552734,71.9800033569336,72.33999633789062,70.50677490234375,2122000
2019-03-20,71.79000091552734,73.01000213623047,71.0,72.4800033569336,70.64324188232422,3080900
2019-03-21,72.30000305175781,74.51000213623047,72.0,73.87000274658203,71.99800872802734,2107300
2019-03-22,73.36000061035156,73.80000305175781,69.62999725341797,70.05000305175781,68.27481079101562,2942100
2019-03-25,70.0,70.69999694824219,69.30999755859375,70.0199966430664,68.24557495117188,1460600
2019-03-26,70.5999984741211,72.33000183105469,70.26000213623047,72.18000030517578,70.35083770751953,1657600
2019-03-27,72.3499984741211,73.11000061035156,71.73999786376953,71.98999786376953,70.1656494140625,1626900
2019-03-28,71.66999816894531,73.0199966430664,71.41999816894531,72.94999694824219,71.10133361816406,2015500
2019-03-29,73.19999694824219,74.43000030517578,72.05000305175781,73.72000122070312,71.85182189941406,2523600
2019-04-01,74.12999725341797,74.7699966430664,73.41999816894531,74.66999816894531,72.77774810791016,1876500
2019-04-02,74.5999984741211,75.41999816894531,74.19000244140625,74.76000213623047,72.86544036865234,1028200
2019-04-03,75.05999755859375,75.48999786376953,74.18000030517578,74.9800033569336,73.07988739013672,1181900
2019-04-04,75.06999969482422,76.08999633789062,74.80000305175781,76.08000183105469,74.1520004272461,1133100
2019-04-05,76.4000015258789,76.80000305175781,76.04000091552734,76.23999786376953,74.30793762207031,1050200
2019-04-08,76.0,76.0999984741211,75.05000305175781,75.41999816894531,73.50873565673828,1138700
2019-04-09,74.83999633789062,74.91000366210938,73.8499984741211,73.94999694824219,72.07598114013672,972000
2019-04-10,74.0,74.52999877929688,73.4800033569336,74.36000061035156,72.47560119628906,840500
2019-04-11,74.36000061035156,74.9800033569336,73.81999969482422,74.94999694824219,73.05062103271484,906200
2019-04-12,75.6500015258789,77.0199966430664,75.4800033569336,76.77999877929688,74.83426666259766,1144900
2019-04-15,76.62000274658203,76.83000183105469,75.1500015258789,75.6500015258789,73.73291778564453,883000
2019-04-16,75.77999877929688,76.98999786376953,75.5199966430664,76.97000122070312,75.0194320678711,1042000
2019-04-17,77.16999816894531,77.83000183105469,76.69000244140625,77.05999755859375,75.10717010498047,1563300
2019-04-18,77.47000122070312,78.3499984741211,77.04000091552734,77.93000030517578,75.95512390136719,1436900
2019-04-22,77.5,77.63999938964844,76.37000274658203,76.5,74.56136322021484,929600
2019-04-23,76.62000274658203,76.93000030517578,76.19999694824219,76.73999786376953,74.7952880859375,974800
2019-04-24,76.19000244140625,77.30999755859375,75.44000244140625,76.58000183105469,74.63932800292969,1167100
2019-04-25,77.25,77.25,70.23999786376953,71.45999908447266,69.64909362792969,5177200
2019-04-26,71.6500015258789,73.27999877929688,71.5999984741211,73.2300033569336,71.37422180175781,2772200
2019-04-29,73.18000030517578,74.4800033569336,72.26000213623047,73.81999969482422,71.94927978515625,2077800
2019-04-30,73.80000305175781,74.75,73.62999725341797,74.06999969482422,72.19296264648438,1698900
2019-05-01,73.55000305175781,75.87000274658203,73.44999694824219,75.11000061035156,73.20658874511719,2986600
2019-05-02,74.0199966430664,75.83999633789062,73.81999969482422,74.9800033569336,73.07988739013672,12139100
2019-05-03,75.41000366210938,75.87999725341797,74.69000244140625,75.12000274658203,73.21632385253906,4985800
2019-05-06,73.55999755859375,74.5999984741211,72.30999755859375,74.25,72.36839294433594,4119300
2019-05-07,73.51000213623047,73.75,72.23999786376953,72.91999816894531,71.07208251953125,4648300
2019-05-08,72.36000061035156,72.87999725341797,71.94000244140625,72.26000213623047,70.4288101196289,2102400
2019-05-09,71.52999877929688,71.69999694824219,69.8499984741211,71.54000091552734,69.84304809570312,3256300
2019-05-10,71.43000030517578,73.04000091552734,70.79000091552734,73.04000091552734,71.3074722290039,2348400
2019-05-13,71.2300033569336,71.94999694824219,69.7699966430664,70.48999786376953,68.81795501708984,3640500
2019-05-14,70.6500015258789,70.6500015258789,69.27999877929688,69.54000091552734,67.89049530029297,2666700
2019-05-15,68.91000366210938,68.97000122070312,67.41000366210938,68.38999938964844,66.76776885986328,2570700
2019-05-16,68.63999938964844,69.20999908447266,68.20999908447266,68.33000183105469,66.70917510986328,1717500
2019-05-17,67.41999816894531,67.79000091552734,65.75,65.9000015258789,64.3368148803711,2786200
2019-05-20,65.48999786376953,65.7300033569336,64.0999984741211,64.37999725341797,62.85287857055664,1916500
2019-05-21,64.86000061035156,65.5,64.01000213623047,64.66000366210938,63.12624740600586,1866300
2019-05-22,64.18000030517578,65.41999816894531,64.01000213623047,65.33999633789062,63.79010009765625,2103400
2019-05-23,64.70999908447266,64.70999908447266,62.66999816894531,63.36000061035156,61.85707092285156,2232000
2019-05-24,63.900001525878906,65.56999969482422,63.779998779296875,65.45999908447266,63.907249450683594,2806000
2019-05-28,65.70999908447266,66.38999938964844,65.5,65.9800033569336,64.4149398803711,2427800
2019-05-29,65.6500015258789,65.6500015258789,63.29999923706055,64.33999633789062,62.81383514404297,2166100
2019-05-30,64.13999938964844,64.83000183105469,63.43000030517578,63.709999084472656,62.198768615722656,1054800
2019-05-31,63.0,63.099998474121094,62.220001220703125,62.380001068115234,60.90031814575195,1906200
2019-06-03,62.349998474121094,63.56999969482422,61.95000076293945,63.31999969482422,61.818023681640625,2123600
2019-06-04,63.97999954223633,66.01000213623047,63.97999954223633,65.95999908447266,64.39540100097656,1639700
2019-06-05,66.2699966430664,67.4000015258789,65.5,67.36000061035156,65.76219177246094,2070900
2019-06-06,67.43000030517578,68.11000061035156,66.7699966430664,67.20999908447266,65.61573791503906,1756000
2019-06-07,67.58000183105469,68.0,66.94000244140625,67.37000274658203,65.77195739746094,1302800
2019-06-10,67.94999694824219,68.75,67.62000274658203,68.0199966430664,66.40653991699219,1106200
2019-06-11,68.55000305175781,69.45999908447266,68.22000122070312,68.44999694824219,66.82633972167969,1589800
2019-06-12,68.22000122070312,68.52999877929688,67.80000305175781,68.19999694824219,66.58228302001953,985300
2019-06-13,68.45999908447266,69.06999969482422,67.8499984741211,69.02999877929688,67.392578125,1234200
2019-06-14,68.8499984741211,69.05000305175781,67.87999725341797,68.0,66.38700866699219,1767700
2019-06-17,67.81999969482422,68.55000305175781,67.13999938964844,68.05000305175781,66.43582916259766,1481500
2019-06-18,68.70999908447266,70.20999908447266,68.68000030517578,69.8499984741211,68.1931381225586,1569600
2019-06-19,69.8499984741211,71.19000244140625,69.66999816894531,70.87000274658203,69.1889419555664,1391700
2019-06-20,71.88999938964844,72.36000061035156,70.98999786376953,72.29000091552734,70.57526397705078,1240700
2019-06-21,72.29000091552734,72.79000091552734,71.79000091552734,72.76000213623047,71.03411102294922,2425800
2019-06-24,71.47000122070312,71.55999755859375,67.79000091552734,68.12000274658203,66.50416564941406,2714700
2019-06-25,68.26000213623047,69.19000244140625,67.77999877929688,68.4800033569336,66.85563659667969,1328800
2019-06-26,68.68000030517578,68.75,68.01000213623047,68.62000274658203,66.99230194091797,873100
2019-06-27,69.08000183105469,69.76000213623047,68.7699966430664,69.06999969482422,67.43163299560547,836000
2019-06-28,69.2300033569336,71.80000305175781,69.22000122070312,71.76000213623047,70.05781555175781,2630300
2019-07-01,72.5,73.47000122070312,72.5,73.36000061035156,71.61985778808594,1834200
2019-07-02,73.0,73.58000183105469,72.22000122070312,73.45999908447266,71.71748352050781,1589700
2019-07-03,73.55999755859375,73.5999984741211,73.0999984741211,73.52999877929688,71.78583526611328,622800
2019-07-05,72.94999694824219,73.83000183105469,72.55000305175781,73.73999786376953,71.99085235595703,721000
2019-07-08,73.38999938964844,74.38999938964844,73.31999969482422,73.86000061035156,72.10802459716797,1246300
2019-07-09,73.20999908447266,73.22000122070312,71.51000213623047,72.2699966430664,70.55571746826172,1700500
2019-07-10,72.36000061035156,72.83999633789062,69.86000061035156,69.94000244140625,68.28099822998047,1026300
2019-07-11,70.1500015258789,70.62999725341797,69.12000274658203,69.80000305175781,68.14431762695312,1154000
2019-07-12,69.88999938964844,72.04000091552734,69.75,72.04000091552734,70.33116912841797,992400
2019-07-15,71.86000061035156,72.36000061035156,70.7300033569336,71.22000122070312,69.5306396484375,936400
2019-07-16,71.18000030517578,72.72000122070312,70.75,72.5,70.78028106689453,1048100
2019-07-17,72.13999938964844,72.62999725341797,70.66999816894531,70.69000244140625,69.01319122314453,1019100
2019-07-18,70.75,71.36000061035156,69.4000015258789,69.54000091552734,67.89049530029297,1082000
2019-07-19,69.86000061035156,70.62000274658203,69.4000015258789,70.05999755859375,68.39813995361328,1502000
2019-07-22,70.13999938964844,70.77999877929688,69.62000274658203,70.44999694824219,68.77888488769531,1149800
2019-07-23,70.81999969482422,72.48999786376953,70.63999938964844,71.9800033569336,70.27261352539062,988700
2019-07-24,71.33000183105469,73.04000091552734,71.33000183105469,73.0,71.26841735839844,956300
2019-07-25,73.0999984741211,73.19999694824219,71.56999969482422,71.72000122070312,70.01876831054688,690200
2019-07-26,71.68000030517578,72.11000061035156,70.97000122070312,71.83999633789062,70.13592529296875,1233500
2019-07-29,71.68000030517578,72.12000274658203,70.52999877929688,71.0999984741211,69.41348266601562,2602100
2019-07-30,71.3499984741211,77.86000061035156,70.61000061035156,77.81999969482422,75.9740982055664,3949500
2019-07-31,77.73999786376953,78.72000122070312,76.87000274658203,77.68000030517578,75.83739471435547,2443900
2019-08-01,77.7699966430664,78.44000244140625,75.20999908447266,75.95999908447266,74.15819549560547,1501500
2019-08-02,75.48999786376953,77.1500015258789,74.45999908447266,75.33999633789062,73.55290222167969,1558300
2019-08-05,73.62000274658203,74.16999816894531,71.69999694824219,72.5,70.78028106689453,2251600
2019-08-06,72.8499984741211,73.23999786376953,70.9800033569336,73.1500015258789,71.41484832763672,1532900
2019-08-07,72.1500015258789,75.6500015258789,71.19999694824219,75.30999755859375,73.52361297607422,2073200
2019-08-08,73.25,73.98999786376953,70.98999786376953,71.83000183105469,70.23807525634766,17001900
2019-08-09,71.5,72.16999816894531,68.0,68.7699966430664,67.24590301513672,7634700
2019-08-12,68.77999877929688,69.22000122070312,68.0,68.19000244140625,66.67876434326172,2938200
2019-08-13,67.88999938964844,69.31999969482422,66.25,67.08000183105469,65.59335327148438,4097200
2019-08-14,66.0,66.83000183105469,64.0,64.25,62.8260612487793,3226800
2019-08-15,64.29000091552734,64.72000122070312,61.0,62.310001373291016,60.9290657043457,4298500
2019-08-16,62.81999969482422,66.66000366210938,62.81999969482422,66.62000274658203,65.14354705810547,4001700
2019-08-19,67.30999755859375,68.41000366210938,67.12999725341797,68.0999984741211,66.59074401855469,2557200
2019-08-20,68.22000122070312,69.01000213623047,67.5999984741211,68.0,66.49295806884766,2450400
2019-08-21,69.0,69.56999969482422,68.61000061035156,68.80999755859375,67.2850112915039,1786000
2019-08-22,69.06999969482422,69.23999786376953,68.0999984741211,68.26000213623047,66.7471923828125,975900
2019-08-23,67.6500015258789,67.6500015258789,65.18000030517578,66.05000305175781,64.586181640625,2546700
2019-08-26,66.66999816894531,66.88999938964844,65.30999755859375,66.0199966430664,64.55683898925781,1166700
2019-08-27,66.45999908447266,66.7699966430664,65.47000122070312,65.94000244140625,64.47862243652344,1175100
2019-08-28,65.63999938964844,66.6500015258789,65.0999984741211,66.2300033569336,64.76219177246094,782300
2019-08-29,66.79000091552734,67.75,66.58999633789062,67.55000305175781,66.05294036865234,1396300
2019-08-30,68.30999755859375,69.54000091552734,68.16000366210938,69.20999908447266,67.67615509033203,1014000
2019-09-03,68.16000366210938,68.16000366210938,65.66000366210938,65.80999755859375,64.35149383544922,1725000
2019-09-04,66.66000366210938,66.97000122070312,66.01000213623047,66.30000305175781,64.83064270019531,902900
2019-09-05,67.2300033569336,68.69999694824219,66.87000274658203,67.98999786376953,66.48316955566406,1706500
2019-09-06,68.19000244140625,68.87000274658203,67.41999816894531,68.2699966430664,66.75697326660156,876700
2019-09-09,68.81999969482422,71.5199966430664,68.79000091552734,70.37999725341797,68.8202133178711,2000100
2019-09-10,70.31999969482422,72.25,69.91999816894531,72.25,70.6487808227539,1804400
2019-09-11,72.87999725341797,74.48999786376953,71.54000091552734,74.45999908447266,72.8097915649414,1825600
2019-09-12,74.30999755859375,74.8499984741211,72.52999877929688,74.80000305175781,73.14225769042969,1090700
2019-09-13,75.0,76.2300033569336,74.8499984741211,75.18000030517578,73.51383209228516,1255600
2019-09-16,75.75,76.4800033569336,75.2699966430664,76.19000244140625,74.50144958496094,1672800
2019-09-17,75.69000244140625,76.12000274658203,74.5,75.7300033569336,74.05165100097656,882100
2019-09-18,75.19999694824219,75.58999633789062,73.87999725341797,74.6500015258789,72.99559020996094,955800
2019-09-19,74.8499984741211,75.26000213623047,73.61000061035156,73.76000213623047,72.12530517578125,810400
2019-09-20,73.76000213623047,74.44999694824219,73.20999908447266,74.02999877929688,72.38932800292969,2077000
2019-09-23,73.3499984741211,74.61000061035156,73.18000030517578,73.8499984741211,72.21331024169922,1294600
2019-09-24,73.91999816894531,74.05000305175781,71.61000061035156,72.12000274658203,70.52165985107422,838800
2019-09-25,71.83999633789062,73.33000183105469,71.43000030517578,73.0,71.38216400146484,1499300
2019-09-26,73.02999877929688,73.48999786376953,71.54000091552734,71.93000030517578,70.33586120605469,813700
2019-09-27,72.23999786376953,72.9000015258789,71.83000183105469,72.0,70.40430450439453,809900
2019-09-30,72.55000305175781,72.69999694824219,71.5,71.86000061035156,70.26742553710938,814400
2019-10-01,72.22000122070312,72.37999725341797,67.94999694824219,68.37999725341797,66.86454772949219,1893500
2019-10-02,67.61000061035156,68.0,65.87999725341797,66.08000183105469,64.61552429199219,1828700
2019-10-03,65.94000244140625,66.08999633789062,63.4900016784668,66.08000183105469,64.61552429199219,1530300
2019-10-04,65.88999938964844,66.19000244140625,64.5,65.48999786376953,64.0385971069336,1000200
2019-10-07,65.2699966430664,65.80999755859375,64.5,65.02999877929688,63.588783264160156,827300
2019-10-08,64.45999908447266,64.55000305175781,63.439998626708984,63.66999816894531,62.25891876220703,1198300
2019-10-09,64.45999908447266,64.62000274658203,63.06999969482422,63.59000015258789,62.180702209472656,985300
2019-10-10,63.709999084472656,65.62999725341797,63.619998931884766,64.95999908447266,63.52033996582031,917700
2019-10-11,65.55000305175781,67.66000366210938,65.55000305175781,66.61000061035156,65.1337661743164,1260200
2019-10-14,66.16000366210938,66.91999816894531,65.30000305175781,66.66000366210938,65.18265533447266,917100
2019-10-15,66.69000244140625,67.97000122070312,66.5999984741211,67.77999877929688,66.27783203125,1510500
2019-10-16,67.44999694824219,68.63999938964844,67.05999755859375,68.16999816894531,66.65919494628906,1482200
2019-10-17,68.6500015258789,70.16999816894531,67.9000015258789,69.68000030517578,68.13573455810547,1583300
2019-10-18,69.5999984741211,70.47000122070312,68.75,69.41999816894531,67.88150024414062,1017000
2019-10-21,70.23999786376953,70.66999816894531,68.83999633789062,69.2699966430664,67.73480224609375,1172000
2019-10-22,69.13999938964844,70.81999969482422,68.45999908447266,70.54000091552734,68.9766616821289,1214900
2019-10-23,70.33999633789062,71.29000091552734,70.0999984741211,70.5199966430664,68.95711517333984,1114300
2019-10-24,70.41999816894531,70.70999908447266,69.27999877929688,69.75,68.20418548583984,710100
2019-10-25,69.44999694824219,71.02999877929688,69.44999694824219,70.5,68.93755340576172,874100
2019-10-28,70.94000244140625,71.47000122070312,69.91999816894531,70.0,68.4486312866211,1517200
2019-10-29,69.69999694824219,70.37999725341797,69.47000122070312,69.98999786376953,68.43885803222656,1478100
2019-10-30,69.98999786376953,69.98999786376953,67.76000213623047,68.30000305175781,66.78630065917969,1511500
2019-10-31,72.13999938964844,73.5,67.08999633789062,69.37000274658203,67.83259582519531,2651000
2019-11-01,69.80999755859375,74.70999908447266,69.58000183105469,74.69000244140625,73.03469848632812,1841300
2019-11-04,75.2300033569336,77.38999938964844,74.30000305175781,77.37000274658203,75.65530395507812,2257500
2019-11-05,77.25,78.25,77.12999725341797,77.66999816894531,75.94866180419922,1625700
2019-11-06,77.63999938964844,78.2699966430664,76.3499984741211,77.91999816894531,76.19310760498047,1030900
2019-11-07,78.38999938964844,79.27999877929688,77.8499984741211,78.5999984741211,76.8580322265625,1861100
2019-11-08,78.5999984741211,79.18000030517578,77.83999633789062,78.8499984741211,77.10249328613281,1041900
2019-11-11,78.0,78.94000244140625,77.44000244140625,78.58999633789062,76.84825134277344,1341400
2019-11-12,78.23999786376953,79.25,78.08000183105469,78.44000244140625,76.70159149169922,808600
2019-11-13,77.87000274658203,78.7300033569336,77.55000305175781,78.41000366210938,76.67224884033203,941500
2019-11-14,78.18000030517578,78.5999984741211,77.83000183105469,78.54000091552734,76.91709899902344,714400
2019-11-15,79.29000091552734,80.1500015258789,78.9000015258789,79.80999755859375,78.16083526611328,800100
2019-11-18,79.5999984741211,79.77999877929688,78.5999984741211,78.87000274658203,77.24026489257812,882900
2019-11-19,79.0999984741211,79.5199966430664,78.37999725341797,79.16999816894531,77.53407287597656,679400
2019-11-20,79.05999755859375,79.3499984741211,78.11000061035156,78.95999908447266,77.32841491699219,1014000
2019-11-21,79.45999908447266,80.29000091552734,78.68000030517578,79.38999938964844,77.74951171875,1012600
2019-11-22,79.77999877929688,80.05999755859375,79.05000305175781,79.83999633789062,78.19022369384766,649900
2019-11-25,80.1500015258789,81.69999694824219,79.83000183105469,80.97000122070312,79.29688262939453,1248500
2019-11-26,80.98999786376953,81.75,80.04000091552734,80.11000061035156,78.45462799072266,989400
2019-11-27,80.19000244140625,80.30999755859375,78.73999786376953,79.08999633789062,77.4557113647461,770800
2019-11-29,78.8499984741211,79.08999633789062,77.52999877929688,78.56999969482422,76.94646453857422,605200
2019-12-02,78.79000091552734,80.31999969482422,77.55000305175781,77.58999633789062,75.98670959472656,1004900
2019-12-03,76.5,76.5999984741211,75.06999969482422,76.38999938964844,74.81151580810547,1297300
2019-12-04,76.7699966430664,77.91000366210938,76.41999816894531,76.4800033569336,74.89966583251953,888600
2019-12-05,76.7300033569336,77.0,76.1500015258789,76.5,74.91922760009766,1020000
2019-12-06,77.5,78.0,76.9800033569336,77.2300033569336,75.63417053222656,1177100
2019-12-09,77.0,77.5999984741211,74.81999969482422,75.01000213623047,73.46002197265625,3460300
2019-12-10,75.06999969482422,75.23999786376953,74.2300033569336,74.4800033569336,72.94098663330078,2466300
2019-12-11,75.05999755859375,76.04000091552734,74.6500015258789,74.9000015258789,73.35230255126953,2893200
2019-12-12,75.1500015258789,76.4000015258789,74.44999694824219,75.13999938964844,73.58733367919922,4243000
2019-12-13,75.48999786376953,77.04000091552734,74.68000030517578,75.16000366210938,73.60692596435547,1380200
2019-12-16,76.08999633789062,76.2300033569336,74.5,74.76000213623047,73.21517944335938,1800100
2019-12-17,74.97000122070312,74.97000122070312,73.88999938964844,74.41999816894531,72.88221740722656,1387900
2019-12-18,74.30999755859375,74.91000366210938,74.0,74.7699966430664,73.22496795654297,1829100
2019-12-19,74.77999877929688,76.47000122070312,74.45999908447266,76.0999984741211,74.52750396728516,1145100
2019-12-20,75.56999969482422,76.68000030517578,75.20999908447266,76.41000366210938,74.83109283447266,1775500
2019-12-23,76.61000061035156,78.06999969482422,76.48999786376953,77.86000061035156,76.25113677978516,935100
2019-12-24,77.72000122070312,78.29000091552734,77.41000366210938,77.62999725341797,76.02589416503906,432500
2019-12-26,78.08000183105469,78.55999755859375,77.87000274658203,78.18000030517578,76.56451416015625,673900
2019-12-27,78.19000244140625,78.93000030517578,78.16000366210938,78.55000305175781,76.92688751220703,914200
2019-12-30,78.5999984741211,78.91999816894531,77.45999908447266,77.5999984741211,75.99650573730469,970400
2019-12-31,77.5,78.3499984741211,77.5,77.80000305175781,76.19237518310547,1145800
2020-01-02,78.58000183105469,80.95999908447266,78.19999694824219,80.94999694824219,79.27727508544922,1717800
2020-01-03,79.70999908447266,80.58000183105469,79.33000183105469,80.33000183105469,78.67008972167969,968700
2020-01-06,79.5,80.27999877929688,79.26000213623047,80.0,78.346923828125,1233500
2020-01-07,79.98999786376953,80.80000305175781,79.76000213623047,79.97000122070312,78.3175277709961,1073900
2020-01-08,80.08999633789062,80.31999969482422,78.4000015258789,78.5999984741211,76.975830078125,1536000
2020-01-09,79.6500015258789,79.6500015258789,78.18000030517578,78.45999908447266,76.8387451171875,841400
2020-01-10,78.81999969482422,78.83000183105469,77.44000244140625,77.69000244140625,76.08465576171875,808100
2020-01-13,77.98999786376953,78.70999908447266,77.5199966430664,78.44000244140625,76.81916046142578,974100
2020-01-14,78.36000061035156,79.1500015258789,77.87999725341797,78.52999877929688,76.90728759765625,805500
2020-01-15,78.41999816894531,78.9000015258789,78.11000061035156,78.41000366210938,76.78977966308594,952800
2020-01-16,78.54000091552734,79.8499984741211,78.12000274658203,79.83999633789062,78.19022369384766,938800
2020-01-17,79.93000030517578,80.44000244140625,79.58000183105469,80.1500015258789,78.49381256103516,1644900
2020-01-21,79.70999908447266,79.87000274658203,78.19999694824219,79.12000274658203,77.48509979248047,1264500
2020-01-22,79.22000122070312,79.43000030517578,78.44000244140625,79.11000061035156,77.47530364990234,1039900
2020-01-23,78.83999633789062,80.18000030517578,77.88999938964844,79.9800033569336,78.32732391357422,1158200
2020-01-24,80.20999908447266,80.23999786376953,78.7300033569336,79.04000091552734,77.40676879882812,757200
2020-01-27,77.19000244140625,77.25,75.95999908447266,76.11000061035156,74.53729248046875,831800
2020-01-28,76.48999786376953,77.54000091552734,76.06999969482422,77.19999694824219,75.6047592163086,533700
2020-01-29,77.73999786376953,77.95999908447266,77.20999908447266,77.30000305175781,75.70272064208984,530000
2020-01-30,76.62999725341797,77.2699966430664,75.73999786376953,77.0,75.40892028808594,890000
2020-01-31,76.30000305175781,76.5199966430664,73.37999725341797,73.86000061035156,72.33378601074219,1403000
2020-02-03,74.30999755859375,76.41000366210938,73.86000061035156,76.04000091552734,74.46874237060547,953600
2020-02-04,77.33000183105469,79.33999633789062,77.1500015258789,79.08000183105469,77.44591522216797,1011300
2020-02-05,80.30000305175781,81.08000183105469,79.66999816894531,81.0,79.32624816894531,1545200
2020-02-06,81.5,81.5,80.12000274658203,80.16999816894531,78.62989807128906,679000
2020-02-07,79.30000305175781,79.30999755859375,77.3499984741211,77.43000030517578,75.94254302978516,1141000
2020-02-10,77.18000030517578,77.93000030517578,76.83000183105469,77.55999755859375,76.07002258300781,953800
2020-02-11,78.0,79.2300033569336,77.5199966430664,77.62000274658203,76.1288833618164,1404200
2020-02-12,78.58000183105469,79.98999786376953,78.19999694824219,78.77999877929688,77.26658630371094,843200
2020-02-13,78.11000061035156,78.81999969482422,76.83000183105469,77.48999786376953,76.00138092041016,1597800
2020-02-14,77.56999969482422,77.80000305175781,76.77999877929688,77.05000305175781,75.56981658935547,1088800
2020-02-18,76.79000091552734,81.05000305175781,74.38999938964844,80.01000213623047,78.47297668457031,2128100
2020-02-19,80.05999755859375,80.0999984741211,77.80000305175781,78.63999938964844,77.1292953491211,1494900
2020-02-20,78.91999816894531,80.2300033569336,78.55999755859375,78.83999633789062,77.325439453125,1357200
2020-02-21,78.47000122070312,78.63999938964844,77.37999725341797,78.5,76.99197387695312,1243300
2020-02-24,75.75,75.75,73.33000183105469,74.29000091552734,72.86286926269531,1649400
2020-02-25,74.8499984741211,75.11000061035156,72.04000091552734,72.54000091552734,71.1464614868164,1300100
2020-02-26,73.27999877929688,73.83999633789062,70.87999725341797,70.87999725341797,69.51834869384766,1147300
2020-02-27,69.44999694824219,72.2699966430664,68.66999816894531,68.69999694824219,67.38023376464844,2129700
2020-02-28,66.31999969482422,69.12999725341797,65.81999969482422,68.69999694824219,67.38023376464844,3401700
2020-03-02,68.83000183105469,68.95999908447266,66.06999969482422,68.37000274658203,67.05657958984375,2582500
2020-03-03,68.04000091552734,69.08000183105469,64.55000305175781,65.13999938964844,63.88861846923828,3038200
2020-03-04,66.12000274658203,66.41999816894531,64.16999816894531,65.4000015258789,64.14361572265625,3097600
2020-03-05,63.400001525878906,63.400001525878906,61.63999938964844,61.93000030517578,60.740299224853516,3069400
2020-03-06,60.2400016784668,61.88999938964844,59.900001525878906,61.52000045776367,60.338172912597656,3156400
2020-03-09,57.18000030517578,57.18000030517578,54.380001068115234,54.75,53.69822692871094,3241700
2020-03-10,57.349998474121094,60.040000915527344,55.90999984741211,59.970001220703125,58.81795120239258,2359800
2020-03-11,57.7400016784668,58.40999984741211,55.290000915527344,56.119998931884766,55.04190444946289,2625900
2020-03-12,52.54999923706055,56.119998931884766,50.540000915527344,53.27000045776367,52.24665451049805,4415000
2020-03-13,56.150001525878906,57.290000915527344,52.560001373291016,54.95000076293945,53.89438247680664,3887700
2020-03-16,49.0,51.06999969482422,47.56999969482422,48.08000183105469,47.15635681152344,2929100
2020-03-17,49.2400016784668,50.25,46.099998474121094,50.15999984741211,49.19639587402344,2821600
2020-03-18,47.22999954223633,47.540000915527344,35.06999969482422,41.02000045776367,40.23197937011719,4801200
2020-03-19,40.0,43.599998474121094,38.97999954223633,42.619998931884766,41.80124282836914,3771400
2020-03-20,43.0,46.5,40.0099983215332,40.75,39.96717071533203,3713500
2020-03-23,40.709999084472656,43.0,39.59000015258789,41.130001068115234,40.33987045288086,1934800
2020-03-24,44.02000045776367,46.27000045776367,43.63999938964844,45.95000076293945,45.06727600097656,2203300
2020-03-25,46.27000045776367,49.619998931884766,43.72999954223633,46.70000076293945,45.80287170410156,2081900
2020-03-26,47.45000076293945,50.779998779296875,46.43000030517578,50.5099983215332,49.5396728515625,2086400
2020-03-27,47.66999816894531,49.34000015258789,47.02000045776367,47.58000183105469,46.66596984863281,2616900
2020-03-30,46.939998626708984,49.45000076293945,46.41999816894531,49.220001220703125,48.27445602416992,1517800
2020-03-31,49.15999984741211,50.75,47.869998931884766,48.130001068115234,47.20539855957031,1747500
2020-04-01,45.939998626708984,47.130001068115234,45.2599983215332,46.119998931884766,45.2340087890625,1914000
2020-04-02,46.0,46.45000076293945,42.650001525878906,43.84000015258789,42.99781036376953,2498900
2020-04-03,42.439998626708984,44.41999816894531,42.09000015258789,44.060001373291016,43.213584899902344,1720600
2020-04-06,46.470001220703125,49.43000030517578,46.36000061035156,49.09000015258789,48.14695739746094,1221800
2020-04-07,52.59000015258789,53.2400016784668,49.880001068115234,49.93000030517578,48.9708137512207,1434800
2020-04-08,50.59000015258789,52.9900016784668,50.290000915527344,52.529998779296875,51.52086639404297,1205900
2020-04-09,53.790000915527344,56.16999816894531,53.5099983215332,55.2599983215332,54.198429107666016,1574700
2020-04-13,54.65999984741211,54.97999954223633,50.61000061035156,51.81999969482422,50.82450485229492,917300
2020-04-14,52.68000030517578,53.36000061035156,51.63999938964844,52.439998626708984,51.4326057434082,1056300
2020-04-15,50.099998474121094,50.22999954223633,48.209999084472656,49.63999938964844,48.68638610839844,1347700
2020-04-16,49.439998626708984,49.5,46.630001068115234,47.52000045776367,46.60711669921875,1952300
2020-04-17,49.0,50.2400016784668,48.52000045776367,49.25,48.30387496948242,2043100
2020-04-20,48.279998779296875,49.209999084472656,47.68000030517578,48.95000076293945,48.0096435546875,2306200
2020-04-21,47.77000045776367,50.119998931884766,47.630001068115234,50.060001373291016,49.098323822021484,1676600
2020-04-22,51.2400016784668,51.619998931884766,50.290000915527344,51.0,50.020259857177734,1547400
2020-04-23,51.220001220703125,53.09000015258789,51.220001220703125,52.0099983215332,51.01085662841797,1234200
2020-04-24,52.47999954223633,54.16999816894531,52.130001068115234,53.439998626708984,52.41338348388672,1881900
2020-04-27,53.5,55.06999969482422,52.7599983215332,54.43000030517578,53.384376525878906,1327300
2020-04-28,56.04999923706055,57.08000183105469,55.209999084472656,56.31999969482422,55.23806381225586,1501600
2020-04-29,58.0099983215332,59.689998626708984,57.709999084472656,59.18000030517578,58.043121337890625,2266900
2020-04-30,58.099998474121094,58.4900016784668,55.9900016784668,56.41999816894531,55.336143493652344,1750800
2020-05-01,55.52000045776367,55.95000076293945,53.939998626708984,54.40999984741211,53.364749908447266,1480800
2020-05-04,53.650001525878906,55.09000015258789,51.290000915527344,52.650001525878906,51.63856506347656,2267200
2020-05-05,53.310001373291016,56.779998779296875,53.0099983215332,55.13999938964844,54.080726623535156,1335800
2020-05-06,55.189998626708984,55.400001525878906,52.689998626708984,53.0099983215332,51.991641998291016,1381600
2020-05-07,53.72999954223633,55.599998474121094,53.47999954223633,55.2599983215332,54.32139587402344,1402600
2020-05-08,56.119998931884766,57.380001068115234,56.0099983215332,57.31999969482422,56.34640121459961,1060100
2020-05-11,56.29999923706055,56.540000915527344,54.619998931884766,54.650001525878906,53.72175979614258,997900
2020-05-12,54.77000045776367,55.290000915527344,52.56999969482422,52.59000015258789,51.696754455566406,1233900
2020-05-13,52.59000015258789,52.59000015258789,49.81999969482422,50.81999969482422,49.956809997558594,1753600
2020-05-14,50.040000915527344,52.40999984741211,48.75,52.13999938964844,51.254390716552734,1772800
2020-05-15,51.41999816894531,52.900001525878906,51.25,52.36000061035156,51.47064971923828,818600
2020-05-18,54.88999938964844,57.099998474121094,54.290000915527344,56.63999938964844,55.67795181274414,1232600
2020-05-19,56.34000015258789,57.400001525878906,55.529998779296875,55.689998626708984,54.74409484863281,793900
2020-05-20,56.86000061035156,58.189998626708984,56.86000061035156,57.83000183105469,56.84775161743164,916500
2020-05-21,57.61000061035156,58.400001525878906,56.91999816894531,57.099998474121094,56.13014602661133,607000
2020-05-22,57.0,57.0099983215332,55.7599983215332,56.79999923706055,55.835235595703125,745400
2020-05-26,59.099998474121094,61.369998931884766,59.0,60.630001068115234,59.600181579589844,1122800
2020-05-27,62.459999084472656,64.18000030517578,61.79999923706055,63.959999084472656,62.87362289428711,1287000
2020-05-28,64.55000305175781,64.6500015258789,61.189998626708984,61.47999954223633,60.43574523925781,1144800
2020-05-29,61.0099983215332,61.29999923706055,59.849998474121094,61.06999969482422,60.03271484375,1586100
2020-06-01,60.91999816894531,62.119998931884766,59.68000030517578,61.91999816894531,60.86826705932617,1047800
2020-06-02,62.5099983215332,63.90999984741211,62.029998779296875,63.58000183105469,62.50007629394531,843300
2020-06-03,63.81999969482422,65.86000061035156,63.529998779296875,65.56999969482422,64.45628356933594,1944100
2020-06-04,65.31999969482422,67.97000122070312,65.2300033569336,67.37999725341797,66.23553466796875,1159500
2020-06-05,71.37000274658203,72.72000122070312,70.37000274658203,70.68000030517578,69.47948455810547,1966500
2020-06-08,71.95999908447266,72.81999969482422,71.16999816894531,72.05000305175781,70.82621765136719,1872800
2020-06-09,70.44999694824219,70.83000183105469,69.06999969482422,69.12000274658203,67.94597625732422,1246900
2020-06-10,68.52999877929688,68.52999877929688,65.12999725341797,65.20999908447266,64.1023941040039,1242100
2020-06-11,62.61000061035156,62.61000061035156,59.939998626708984,60.0,58.98088073730469,1459700
2020-06-12,62.709999084472656,63.2599983215332,59.619998931884766,60.88999938964844,59.85576629638672,1887400
2020-06-15,58.650001525878906,61.880001068115234,57.68000030517578,61.7599983215332,60.71099090576172,1162300
2020-06-16,64.91000366210938,65.36000061035156,62.369998931884766,62.880001068115234,61.81196975708008,1938800
2020-06-17,62.91999816894531,63.52000045776367,61.13999938964844,61.22999954223633,60.18999099731445,1184800
2020-06-18,60.779998779296875,62.06999969482422,60.08000183105469,61.150001525878906,60.11135482788086,674000
2020-06-19,62.40999984741211,62.40999984741211,59.29999923706055,60.15999984741211,59.13816833496094,1184100
2020-06-22,59.95000076293945,61.11000061035156,58.7599983215332,60.7599983215332,59.72796630859375,1310900
2020-06-23,61.43000030517578,61.90999984741211,60.529998779296875,61.470001220703125,60.42591857910156,1264600
2020-06-24,60.54999923706055,60.54999923706055,58.25,58.29999923706055,57.30976104736328,1390800
2020-06-25,57.88999938964844,58.459999084472656,56.83000183105469,58.08000183105469,57.093502044677734,1820800
2020-06-26,57.849998474121094,57.88999938964844,55.599998474121094,55.849998474121094,54.90137481689453,2699000
2020-06-29,57.0,57.959999084472656,56.540000915527344,57.349998474121094,56.375892639160156,2227200
2020-06-30,56.93000030517578,58.06999969482422,56.33000183105469,57.56999969482422,56.59215545654297,2394600
2020-07-01,57.939998626708984,58.5,56.599998474121094,58.0,57.01485824584961,2294000
2020-07-02,59.060001373291016,61.040000915527344,58.529998779296875,58.68000030517578,57.68330001831055,1404100
2020-07-06,59.97999954223633,60.5,59.0,60.470001220703125,59.442901611328125,1062800
2020-07-07,59.400001525878906,59.81999969482422,57.619998931884766,57.7400016784668,56.75927734375,1142500
2020-07-08,57.7400016784668,58.13999938964844,56.599998474121094,57.5,56.523345947265625,930800
2020-07-09,57.27000045776367,57.349998474121094,55.59000015258789,56.599998474121094,55.63862991333008,1477900
2020-07-10,56.849998474121094,58.0,56.61000061035156,57.630001068115234,56.65113830566406,971000
2020-07-13,58.189998626708984,59.439998626708984,57.290000915527344,58.43000030517578,57.43754959106445,1022900
2020-07-14,58.220001220703125,59.4900016784668,57.40999984741211,59.439998626708984,58.430397033691406,1080900
2020-07-15,60.7400016784668,62.22999954223633,60.7400016784668,61.65999984741211,60.61268615722656,1056000
2020-07-16,61.27000045776367,62.380001068115234,61.0099983215332,61.459999084472656,60.41608810424805,885200
2020-07-17,61.68000030517578,61.81999969482422,60.58000183105469,60.790000915527344,59.757469177246094,923600
2020-07-20,60.279998779296875,61.040000915527344,59.2599983215332,59.40999984741211,58.400909423828125,828900
2020-07-21,59.7599983215332,61.61000061035156,59.7599983215332,60.79999923706055,59.76728820800781,873300
2020-07-22,60.25,61.7599983215332,60.25,61.61000061035156,60.563541412353516,1249400
2020-07-23,61.22999954223633,61.95000076293945,60.310001373291016,61.75,60.7011604309082,1216500
2020-07-24,61.66999816894531,62.54999923706055,61.59000015258789,61.869998931884766,60.819122314453125,1045200
2020-07-27,61.84000015258789,62.84000015258789,61.540000915527344,62.0099983215332,60.95674514770508,1210000
2020-07-28,63.150001525878906,66.95999908447266,63.0,64.23999786376953,63.14886474609375,2758700
2020-07-29,64.47000122070312,65.6500015258789,63.63999938964844,65.27999877929688,64.17120361328125,1038700
2020-07-30,63.84000015258789,64.16999816894531,62.83000183105469,63.09000015258789,62.01840591430664,1029400
2020-07-31,62.7400016784668,62.7400016784668,61.2400016784668,62.189998626708984,61.133689880371094,1141600
2020-08-03,62.43000030517578,62.43000030517578,61.29999923706055,61.470001220703125,60.42591857910156,1248900
2020-08-04,61.31999969482422,62.11000061035156,61.31999969482422,61.70000076293945,60.65201187133789,1373700
2020-08-05,62.279998779296875,63.470001220703125,62.08000183105469,62.90999984741211,61.841453552246094,1350300
2020-08-06,62.849998474121094,64.58000183105469,62.689998626708984,64.56999969482422,63.4732666015625,1063100
2020-08-07,64.38999938964844,67.23999786376953,64.33000183105469,67.2300033569336,66.08808898925781,1026500
2020-08-10,67.6500015258789,70.43000030517578,67.30000305175781,70.25,69.05677795410156,2015700
2020-08-11,71.36000061035156,72.87000274658203,70.26000213623047,70.58000183105469,69.38119506835938,1737800
2020-08-12,71.27999877929688,71.37999725341797,69.1500015258789,69.93000030517578,68.74224090576172,1260200
2020-08-13,68.95999908447266,69.7699966430664,68.38999938964844,69.0,67.9446029663086,884300
2020-08-14,68.41999816894531,70.2300033569336,68.18000030517578,69.5199966430664,68.45665740966797,546800
2020-08-17,69.66000366210938,69.83000183105469,67.9000015258789,68.44000244140625,67.39318084716797,736400
2020-08-18,68.41999816894531,68.55999755859375,66.4000015258789,66.58000183105469,65.56163024902344,1217300
2020-08-19,66.73999786376953,67.2699966430664,65.93000030517578,66.04000091552734,65.02987670898438,815800
2020-08-20,65.4000015258789,65.8499984741211,64.91999816894531,65.31999969482422,64.32090759277344,825700
2020-08-21,65.01000213623047,65.94999694824219,64.76000213623047,64.79000091552734,63.79900360107422,984400
2020-08-24,65.0,66.5,64.63999938964844,65.91000366210938,64.9018783569336,1064600
2020-08-25,66.48999786376953,67.1500015258789,64.93000030517578,65.63999938964844,64.6360092163086,1584700
2020-08-26,65.77999877929688,67.81999969482422,65.51000213623047,66.76000213623047,65.7388687133789,1183100
2020-08-27,66.87000274658203,67.5,66.16000366210938,66.2300033569336,65.21698760986328,731800
2020-08-28,66.43000030517578,67.38999938964844,66.16999816894531,67.08999633789062,66.06382751464844,626100
2020-08-31,67.08000183105469,67.1500015258789,66.16000366210938,66.55000305175781,65.53209686279297,1160400
2020-09-01,66.55000305175781,69.08999633789062,66.05999755859375,68.91000366210938,67.85599517822266,1341100
2020-09-02,69.1500015258789,69.73999786376953,68.26000213623047,69.26000213623047,68.20064544677734,994000
2020-09-03,69.55000305175781,70.44000244140625,67.31999969482422,67.95999908447266,66.92051696777344,901300
2020-09-04,69.12999725341797,69.73999786376953,67.83999633789062,69.04000091552734,67.98401641845703,1317900
2020-09-08,68.0999984741211,68.94000244140625,67.19999694824219,67.63999938964844,66.60540771484375,935500
2020-09-09,68.05000305175781,68.98999786376953,67.38999938964844,68.38999938964844,67.34394836425781,847400
2020-09-10,68.62999725341797,68.97000122070312,67.08999633789062,67.27999877929688,66.25090789794922,792900
2020-09-11,67.45999908447266,68.26000213623047,67.0,67.5,66.46755981445312,584100
2020-09-14,67.91999816894531,68.36000061035156,67.05000305175781,68.0,66.95992279052734,1699100
2020-09-15,68.19000244140625,68.62999725341797,66.77999877929688,66.81999969482422,65.7979507446289,766300
2020-09-16,67.33999633789062,68.7699966430664,66.52999877929688,67.98999786376953,66.95006561279297,1185200
2020-09-17,67.75,68.9000015258789,66.6500015258789,68.81999969482422,67.76737213134766,979000
2020-09-18,68.19000244140625,69.55999755859375,67.70999908447266,67.81999969482422,66.78266143798828,1971800
2020-09-21,65.95999908447266,66.37000274658203,62.40999984741211,62.970001220703125,62.00684356689453,2295900
2020-09-22,62.43000030517578,63.29999923706055,61.27000045776367,62.189998626708984,61.238773345947266,1412200
2020-09-23,62.38999938964844,62.72999954223633,60.130001068115234,60.34000015258789,59.41707229614258,1559400
2020-09-24,60.15999984741211,61.439998626708984,59.279998779296875,60.369998931884766,59.446617126464844,868800
2020-09-25,59.5099983215332,61.029998779296875,59.5099983215332,60.630001068115234,59.702632904052734,749800
2020-09-28,61.88999938964844,63.540000915527344,61.810001373291016,62.959999084472656,61.99700164794922,843200
2020-09-29,62.720001220703125,63.119998931884766,61.79999923706055,62.470001220703125,61.51449203491211,559100
2020-09-30,62.900001525878906,63.77000045776367,61.5,61.880001068115234,60.93351364135742,1153000
2020-10-01,62.040000915527344,62.54999923706055,60.220001220703125,60.72999954223633,59.80110549926758,1598300
2020-10-02,59.33000183105469,63.380001068115234,59.33000183105469,62.720001220703125,61.76066970825195,803800
2020-10-05,63.43000030517578,64.56999969482422,63.34000015258789,64.43000030517578,63.44451141357422,693700
2020-10-06,65.0,66.05000305175781,63.630001068115234,63.72999954223633,62.75522232055664,896200
2020-10-07,64.30999755859375,65.2699966430664,63.900001525878906,64.62000274658203,63.631614685058594,747700
2020-10-08,65.05999755859375,65.37000274658203,63.7400016784668,64.83999633789062,63.848243713378906,741600
2020-10-09,65.58000183105469,65.7699966430664,63.869998931884766,64.51000213623047,63.523284912109375,985100
2020-10-12,64.77999877929688,64.9800033569336,62.90999984741211,62.959999084472656,61.99700164794922,1452000
2020-10-13,62.86000061035156,64.47000122070312,62.630001068115234,63.97999954223633,63.00139236450195,1451300
2020-10-14,64.16000366210938,65.04000091552734,64.12000274658203,64.26000213623047,63.27711868286133,708900
2020-10-15,63.279998779296875,63.95000076293945,62.63999938964844,63.5099983215332,62.53858947753906,955200
2020-10-16,63.7599983215332,64.30999755859375,63.2400016784668,63.33000183105469,62.36133575439453,554300
2020-10-19,63.439998626708984,63.9900016784668,61.959999084472656,62.099998474121094,61.150150299072266,864900
2020-10-20,62.790000915527344,64.19000244140625,62.279998779296875,63.15999984741211,62.19393539428711,853900
2020-10-21,62.97999954223633,63.79999923706055,62.08000183105469,62.099998474121094,61.150150299072266,828600
2020-10-22,62.400001525878906,62.630001068115234,61.75,62.41999816894531,61.46525573730469,1173400
2020-10-23,63.09000015258789,63.45000076293945,61.970001220703125,62.060001373291016,61.11076354980469,694100
2020-10-26,61.189998626708984,61.29999923706055,59.09000015258789,60.27000045776367,59.348148345947266,912600
2020-10-27,60.0099983215332,60.150001525878906,58.5099983215332,58.61000061035156,57.713531494140625,1007200
2020-10-28,57.0,57.779998779296875,55.83000183105469,56.16999816894531,55.310855865478516,2884900
2020-10-29,59.400001525878906,59.599998474121094,56.16999816894531,58.75,57.85138702392578,3257600
2020-10-30,58.619998931884766,60.0,58.0,59.29999923706055,58.39297866821289,1784300
2020-11-02,60.45000076293945,62.029998779296875,59.900001525878906,61.68000030517578,60.736576080322266,1769800
2020-11-03,62.709999084472656,66.2300033569336,62.290000915527344,65.62000274658203,64.6163101196289,1708300
2020-11-04,64.7699966430664,64.8499984741211,61.709999084472656,61.709999084472656,60.766117095947266,2202000
2020-11-05,62.54999923706055,63.95000076293945,62.20000076293945,62.400001525878906,61.44556427001953,1790000
2020-11-06,62.22999954223633,62.59000015258789,60.95000076293945,61.130001068115234,60.19498825073242,2418600
2020-11-09,66.54000091552734,76.11000061035156,64.87000274658203,68.61000061035156,67.56057739257812,4953600
2020-11-10,68.93000030517578,69.69000244140625,67.98999786376953,69.01000213623047,67.9544677734375,3502900
2020-11-11,69.54000091552734,69.54000091552734,67.16999816894531,68.11000061035156,67.0682373046875,1033600
2020-11-12,67.2699966430664,68.47000122070312,67.01000213623047,67.93000030517578,67.009033203125,1383200
2020-11-13,68.86000061035156,70.08999633789062,68.52999877929688,69.58999633789062,68.64652252197266,1959300
2020-11-16,72.5,72.9000015258789,70.88999938964844,71.56999969482422,70.59968566894531,2342200
2020-11-17,70.44000244140625,71.80000305175781,69.94000244140625,71.38999938964844,70.42212677001953,1269300
2020-11-18,71.69000244140625,73.29000091552734,71.2699966430664,72.62999725341797,71.64530944824219,1678800
2020-11-19,71.97000122070312,72.55999755859375,71.16000366210938,72.3499984741211,71.3691177368164,1033700
2020-11-20,72.04000091552734,72.27999877929688,70.4000015258789,70.9800033569336,70.01769256591797,1030500
2020-11-23,71.36000061035156,73.55999755859375,71.30000305175781,73.55000305175781,72.55284118652344,809000
2020-11-24,74.56999969482422,77.22000122070312,74.20999908447266,76.20999908447266,75.1767807006836,2279900
2020-11-25,75.43000030517578,75.61000061035156,73.93000030517578,74.08999633789062,73.08551788330078,720800
2020-11-27,73.7300033569336,74.43000030517578,73.25,73.81999969482422,72.81917572021484,701100
2020-11-30,73.30000305175781,73.62999725341797,72.38999938964844,73.30000305175781,72.30623626708984,1514300
2020-12-01,74.80000305175781,74.83999633789062,72.19999694824219,72.30000305175781,71.31979370117188,1612700
2020-12-02,72.0,72.77999877929688,71.73999786376953,72.58000183105469,71.59600067138672,771000
2020-12-03,73.0199966430664,73.52999877929688,72.5199966430664,73.12999725341797,72.13854217529297,774600
2020-12-04,73.8499984741211,75.62999725341797,73.8499984741211,75.52999877929688,74.50601196289062,1034400
2020-12-07,75.4800033569336,75.87999725341797,74.69999694824219,75.68000030517578,74.65396881103516,1551600
2020-12-08,75.55999755859375,76.87000274658203,75.47000122070312,76.51000213623047,75.47271728515625,1716100
2020-12-09,76.55000305175781,77.16999816894531,75.66999816894531,76.5,75.46283721923828,1147000
2020-12-10,75.81999969482422,76.5,75.20999908447266,75.4000015258789,74.37776947021484,1161800
2020-12-11,75.0,75.48999786376953,74.36000061035156,74.8499984741211,73.83521270751953,731400
2020-12-14,75.4800033569336,76.0,73.20999908447266,73.26000213623047,72.26678466796875,1218900
2020-12-15,74.1500015258789,74.98999786376953,73.80000305175781,74.69000244140625,73.67740631103516,1516100
2020-12-16,74.73999786376953,74.80000305175781,73.19000244140625,73.6500015258789,72.6514892578125,1078100
2020-12-17,74.37999725341797,74.37999725341797,72.73999786376953,73.52999877929688,72.53311920166016,1160700
2020-12-18,73.5,73.81999969482422,72.51000213623047,73.44000244140625,72.44432830810547,1773300
2020-12-21,71.73999786376953,73.19000244140625,71.55999755859375,73.0,72.01030731201172,902000
2020-12-22,73.0,73.19999694824219,71.87000274658203,72.20999908447266,71.23101043701172,789500
2020-12-23,72.48999786376953,73.2300033569336,71.47000122070312,72.86000061035156,71.8721923828125,952000
2020-12-24,73.30000305175781,73.41999816894531,72.12999725341797,73.30999755859375,72.31608581542969,218200
2020-12-28,73.7300033569336,74.0,72.5199966430664,72.58999633789062,71.6058578491211,627500
2020-12-29,73.02999877929688,73.16000366210938,71.25,72.16999816894531,71.19154357910156,824400
2020-12-30,72.55000305175781,73.06999969482422,72.05999755859375,72.4000015258789,71.4184341430664,691200
2020-12-31,72.70999908447266,73.44999694824219,71.98999786376953,73.19999694824219,72.20758819580078,714900
2021-01-04,73.44999694824219,74.22000122070312,72.33999633789062,72.6500015258789,71.66504669189453,1578100
2021-01-05,72.2300033569336,74.68000030517578,72.2300033569336,73.55999755859375,72.56271362304688,1219000
2021-01-06,74.91999816894531,79.79000091552734,74.69999694824219,79.1500015258789,78.0769271850586,2063100
2021-01-07,79.19000244140625,82.25,79.1500015258789,81.94000244140625,80.82909393310547,1738500
2021-01-08,82.11000061035156,82.72000122070312,80.58000183105469,81.2300033569336,80.12872314453125,1364800
2021-01-11,80.58999633789062,81.93000030517578,80.2300033569336,81.66999816894531,80.56275177001953,1143000
2021-01-12,82.04000091552734,84.30999755859375,81.33999633789062,83.58000183105469,82.44686126708984,1465000
2021-01-13,83.58000183105469,84.31999969482422,82.19000244140625,82.69999694824219,81.57878875732422,1217800
2021-01-14,83.12000274658203,83.9000015258789,82.5,83.69999694824219,82.56523132324219,1050500
2021-01-15,83.29000091552734,83.29000091552734,80.4800033569336,81.9000015258789,80.78962707519531,965100
2021-01-19,82.68000030517578,83.5999984741211,81.62000274658203,81.62999725341797,80.5232925415039,1066200
2021-01-20,82.12000274658203,82.19999694824219,80.9800033569336,81.27999877929688,80.17804718017578,782700
2021-01-21,80.79000091552734,81.70999908447266,80.41000366210938,80.86000061035156,79.76373291015625,804500
2021-01-22,80.33999633789062,80.79000091552734,79.5199966430664,80.47000122070312,79.37903594970703,692500
2021-01-25,80.06999969482422,80.63999938964844,78.9000015258789,79.12999725341797,78.05718994140625,1190800
2021-01-26,79.98999786376953,80.0999984741211,76.63999938964844,76.80999755859375,75.76864624023438,1047300
2021-01-27,75.43000030517578,75.9800033569336,73.44000244140625,74.56999969482422,73.55902099609375,1223400
2021-01-28,75.37000274658203,76.36000061035156,74.3499984741211,74.86000061035156,73.84507751464844,1067700
2021-01-29,74.75,75.51000213623047,73.41000366210938,74.20999908447266,73.20390319824219,1106600
2021-02-01,75.27999877929688,76.5,74.77999877929688,76.2699966430664,75.23595428466797,828800
2021-02-02,76.91999816894531,79.16000366210938,76.75,78.26000213623047,77.19898986816406,930600
2021-02-03,77.9000015258789,79.4800033569336,77.44000244140625,79.06999969482422,77.99800109863281,779000
2021-02-04,79.44000244140625,81.0999984741211,79.2699966430664,80.47000122070312,79.37903594970703,1033400
2021-02-05,81.16999816894531,81.33999633789062,79.88999938964844,80.58999633789062,79.49740600585938,788600
2021-02-08,81.18000030517578,82.77999877929688,80.7699966430664,82.54000091552734,81.42096710205078,939800
2021-02-09,82.22000122070312,82.52999877929688,81.12000274658203,81.98999786376953,80.87842559814453,746000
2021-02-10,82.25,83.98999786376953,81.62000274658203,83.05000305175781,81.92405700683594,1054300
2021-02-11,83.16000366210938,83.16000366210938,79.26000213623047,81.04000091552734,80.0569839477539,1209200
2021-02-12,80.5,80.68000030517578,79.4800033569336,80.52999877929688,79.55316162109375,1126200
2021-02-16,81.38999938964844,81.69999694824219,79.23999786376953,80.41999816894531,79.44448852539062,1427900
2021-02-17,80.18000030517578,80.18000030517578,78.20999908447266,79.3499984741211,78.38748168945312,1029800
2021-02-18,76.06999969482422,76.9800033569336,71.05000305175781,72.05999755859375,71.18589782714844,3155300
2021-02-19,72.55999755859375,75.36000061035156,72.47000122070312,73.95999908447266,73.06285095214844,1958600
2021-02-22,73.2699966430664,75.80999755859375,72.77999877929688,74.12999725341797,73.23078918457031,1575000
2021-02-23,73.91999816894531,75.08999633789062,71.83000183105469,74.54000091552734,73.63581848144531,1313300
2021-02-24,74.4000015258789,75.4000015258789,74.0,74.73999786376953,73.83338928222656,2116200
2021-02-25,74.86000061035156,74.91999816894531,71.66999816894531,72.52999877929688,71.65019989013672,1632700
2021-02-26,72.3499984741211,73.08999633789062,71.44999694824219,72.43000030517578,71.5514144897461,1379400
2021-03-01,73.2300033569336,75.30999755859375,72.98999786376953,74.87000274658203,73.96182250976562,2242900
2021-03-02,75.12999725341797,75.91000366210938,74.47000122070312,74.7699966430664,73.86302947998047,1771900
2021-03-03,74.5999984741211,75.41999816894531,74.0999984741211,74.4000015258789,73.49752044677734,1662900
2021-03-04,74.20999908447266,74.44999694824219,71.20999908447266,72.45999908447266,71.58106231689453,1126000
2021-03-05,73.63999938964844,74.95999908447266,72.0,74.58000183105469,73.67533874511719,998400
2021-03-08,75.19000244140625,75.81999969482422,74.30999755859375,74.37000274658203,73.4678955078125,3521000
2021-03-09,74.6500015258789,75.25,72.86000061035156,72.9800033569336,72.0947494506836,2014300
2021-03-10,73.29000091552734,76.7300033569336,73.05999755859375,76.25,75.32508087158203,1756200
2021-03-11,76.55999755859375,78.91999816894531,76.44999694824219,77.36000061035156,76.4216079711914,1426200
2021-03-12,77.30999755859375,78.36000061035156,76.91999816894531,78.08000183105469,77.13288879394531,990000
2021-03-15,78.0999984741211,78.5,76.54000091552734,77.5999984741211,76.65869903564453,732200
2021-03-16,77.36000061035156,77.48999786376953,76.25,76.43000030517578,75.50289154052734,802400
2021-03-17,76.47000122070312,77.80000305175781,76.05000305175781,76.80000305175781,75.868408203125,1729500
2021-03-18,76.76000213623047,78.37000274658203,76.16999816894531,76.18000030517578,75.25592803955078,1585200
2021-03-19,75.55999755859375,76.52999877929688,74.66000366210938,75.6500015258789,74.73235321044922,2075800
2021-03-22,75.5199966430664,75.61000061035156,73.43000030517578,74.47000122070312,73.56666564941406,2133000
2021-03-23,74.33000183105469,75.80000305175781,73.61000061035156,74.01000213623047,73.11225891113281,2006800
2021-03-24,74.9000015258789,77.27999877929688,74.72000122070312,76.04000091552734,75.11762237548828,1393800
2021-03-25,75.62999725341797,77.97000122070312,75.36000061035156,77.87000274658203,76.92543029785156,1686200
2021-03-26,77.98999786376953,78.61000061035156,77.23999786376953,78.5,77.54778289794922,1546900
2021-03-29,78.23999786376953,79.55000305175781,77.5199966430664,78.12999725341797,77.18226623535156,1078500
2021-03-30,78.29000091552734,80.2699966430664,78.22000122070312,79.72000122070312,78.75298309326172,1102400
2021-03-31,79.62000274658203,79.79000091552734,77.9800033569336,79.16000366210938,78.19978332519531,1358000
2021-04-01,79.54000091552734,79.54000091552734,77.83000183105469,78.98999786376953,78.0318374633789,1073000
2021-04-05,79.94000244140625,80.98999786376953,79.1500015258789,80.97000122070312,79.98783111572266,1148000
2021-04-06,80.51000213623047,80.80000305175781,79.37999725341797,79.38999938964844,78.42698669433594,1155500
2021-04-07,79.70999908447266,79.7699966430664,77.80000305175781,78.06999969482422,77.12300872802734,2364600
2021-04-08,77.69999694824219,78.55000305175781,77.0,77.63999938964844,76.69822692871094,2292600
2021-04-09,78.37000274658203,79.66000366210938,78.19000244140625,79.5199966430664,78.55541229248047,1597200
2021-04-12,79.97000122070312,80.9000015258789,79.47000122070312,80.80999755859375,79.82976531982422,1079200
2021-04-13,80.79000091552734,80.80000305175781,78.80999755859375,79.0999984741211,78.14049530029297,1142300
2021-04-14,78.98999786376953,81.08999633789062,78.98999786376953,80.83000183105469,79.84954071044922,1301900
2021-04-15,80.62000274658203,80.87000274658203,79.77999877929688,80.68000030517578,79.70133972167969,1032600
2021-04-16,81.19000244140625,81.66000366210938,80.44000244140625,80.61000061035156,79.63219451904297,1241000
2021-04-19,80.7699966430664,81.55000305175781,79.94000244140625,81.19999694824219,80.21504974365234,1026100
2021-04-20,81.01000213623047,81.33000183105469,79.55999755859375,80.61000061035156,79.63219451904297,1461600
2021-04-21,80.38999938964844,83.13999938964844,79.8499984741211,83.0,81.99320220947266,1364200
2021-04-22,83.27999877929688,84.95999908447266,82.37000274658203,83.73999786376953,82.7242202758789,1546500
2021-04-23,84.19000244140625,85.75,84.01000213623047,85.41000366210938,84.37397766113281,1433200
2021-04-26,85.19000244140625,85.68000030517578,84.31999969482422,84.47000122070312,83.44537353515625,1304800
2021-04-27,84.54000091552734,85.23999786376953,84.12999725341797,85.0,83.96892547607422,862200
2021-04-28,85.0999984741211,86.16999816894531,84.54000091552734,85.55000305175781,84.51227569580078,1559600
2021-04-29,86.80999755859375,86.80999755859375,82.41000366210938,83.70999908447266,82.69458770751953,2715400
2021-04-30,83.75,84.63999938964844,81.36000061035156,82.06999969482422,81.0744857788086,2107400
2021-05-03,83.05999755859375,83.9000015258789,80.9000015258789,80.9800033569336,79.99771118164062,1968500
2021-05-04,80.68000030517578,81.52999877929688,79.83999633789062,81.30999755859375,80.32369995117188,2049800
2021-05-05,81.45999908447266,81.55999755859375,80.5999984741211,81.1500015258789,80.16563415527344,1728700
2021-05-06,81.20999908447266,81.87999725341797,80.81999969482422,81.63999938964844,80.76912689208984,1048700
2021-05-07,81.0199966430664,82.12999725341797,80.5199966430664,81.87000274658203,80.99668884277344,1083100
2021-05-10,82.41999816894531,82.56999969482422,80.81999969482422,80.86000061035156,79.99745178222656,1178000
2021-05-11,79.70999908447266,81.0,78.66999816894531,79.37000274658203,78.52334594726562,894500
2021-05-12,79.66000366210938,79.91999816894531,77.4800033569336,77.72000122070312,76.89095306396484,1054100
2021-05-13,77.56999969482422,79.47000122070312,77.56999969482422,78.9000015258789,78.05836486816406,677700
2021-05-14,79.70999908447266,81.19000244140625,79.36000061035156,80.52999877929688,79.67097473144531,931200
2021-05-17,79.79000091552734,80.87000274658203,79.66000366210938,80.4000015258789,79.5423583984375,1074600
2021-05-18,80.2699966430664,80.95999908447266,79.05999755859375,79.11000061035156,78.26611328125,1097600
2021-05-19,78.0,78.41000366210938,77.0,77.98999786376953,77.15807342529297,836700
2021-05-20,77.95999908447266,78.58999633789062,76.93000030517578,78.30999755859375,77.47464752197266,836900
2021-05-21,79.0,80.04000091552734,78.52999877929688,79.95999908447266,79.10706329345703,1557700
2021-05-24,80.54000091552734,81.05999755859375,79.75,80.9000015258789,80.03703308105469,1608100
2021-05-25,81.1500015258789,82.29000091552734,80.8499984741211,81.12000274658203,80.25469207763672,2639500
2021-05-26,80.77999877929688,81.44000244140625,80.27999877929688,81.41000366210938,80.54159545898438,1260700
2021-05-27,82.79000091552734,83.37000274658203,82.0999984741211,82.54000091552734,81.65953063964844,946000
2021-05-28,82.5,82.7699966430664,81.55999755859375,82.76000213623047,81.877197265625,2295900
2021-06-01,83.48999786376953,84.31999969482422,82.9800033569336,84.19000244140625,83.29193115234375,1179000
2021-06-02,84.62999725341797,84.69999694824219,83.55000305175781,83.94999694824219,83.05448913574219,854200
2021-06-03,83.58000183105469,83.9000015258789,82.37999725341797,82.66999816894531,81.78814697265625,688200
2021-06-04,82.94999694824219,83.1500015258789,82.37000274658203,82.81999969482422,81.93653869628906,856800
2021-06-07,82.94000244140625,83.25,82.11000061035156,82.38999938964844,81.51113891601562,682600
2021-06-08,82.4000015258789,82.69000244140625,81.63999938964844,82.41999816894531,81.54080963134766,677300
2021-06-09,82.43000030517578,82.51000213623047,81.37999725341797,81.38999938964844,80.52179718017578,839800
2021-06-10,82.4000015258789,82.4000015258789,81.22000122070312,81.2300033569336,80.36351776123047,699800
2021-06-11,81.83000183105469,82.02999877929688,80.87000274658203,81.58999633789062,80.71965789794922,727300
2021-06-14,81.47000122070312,81.5,79.9800033569336,80.62999725341797,79.76988983154297,1223400
2021-06-15,81.11000061035156,81.27999877929688,79.45999908447266,80.43000030517578,79.5720443725586,1379100
2021-06-16,80.16999816894531,80.98999786376953,79.69999694824219,80.01000213623047,79.15652465820312,716600
2021-06-17,80.18000030517578,80.4000015258789,76.58000183105469,77.83000183105469,76.9997787475586,1247800
2021-06-18,76.4800033569336,78.12000274658203,76.30000305175781,77.62999725341797,76.80191040039062,2116700
2021-06-21,78.43000030517578,79.72000122070312,78.18000030517578,79.4800033569336,78.6321792602539,1370300
2021-06-22,79.43000030517578,81.30999755859375,79.06999969482422,80.91999816894531,80.05680084228516,1741300
2021-06-23,80.98999786376953,82.37999725341797,80.9800033569336,81.13999938964844,80.27446746826172,1359400
2021-06-24,81.72000122070312,83.76000213623047,81.37999725341797,83.47000122070312,82.5796127319336,1055100
2021-06-25,83.87000274658203,84.30000305175781,82.79000091552734,82.91000366210938,82.02559661865234,1220600
2021-06-28,82.91000366210938,83.12999725341797,81.8499984741211,82.08999633789062,81.21434020996094,973600
2021-06-29,82.33000183105469,82.70999908447266,81.16999816894531,81.33999633789062,80.47232818603516,746800
2021-06-30,81.30999755859375,82.37999725341797,81.06999969482422,82.30000305175781,81.4220962524414,1988500
2021-07-01,83.02999877929688,83.66000366210938,81.79000091552734,81.83000183105469,80.95711517333984,1099400
2021-07-02,81.83999633789062,81.91000366210938,80.83999633789062,81.55999755859375,80.68998718261719,674500
2021-07-06,81.08999633789062,81.3499984741211,79.0,80.30000305175781,79.44343566894531,1224500
2021-07-07,79.69999694824219,81.3499984741211,79.2300033569336,81.18000030517578,80.31404113769531,967700
2021-07-08,79.86000061035156,80.72000122070312,78.70999908447266,80.12999725341797,79.27523040771484,924200
2021-07-09,81.44000244140625,82.98999786376953,81.30000305175781,82.8499984741211,81.96621704101562,773700
2021-07-12,82.36000061035156,83.47000122070312,81.72000122070312,82.95999908447266,82.0750503540039,647100
2021-07-13,82.80000305175781,83.4000015258789,82.69999694824219,82.83000183105469,81.94644165039062,802100
2021-07-14,83.05000305175781,83.79000091552734,81.91999816894531,82.47000122070312,81.59029388427734,694800
2021-07-15,81.63999938964844,83.69000244140625,81.4800033569336,82.36000061035156,81.48146057128906,1019200
2021-07-16,82.91000366210938,83.0999984741211,81.37999725341797,81.61000061035156,80.73944854736328,1002400
2021-07-19,79.93000030517578,80.0,77.61000061035156,78.13999938964844,77.30648040771484,1349900
2021-07-20,78.37999725341797,82.25,78.20999908447266,81.73999786376953,80.8680648803711,1284500
2021-07-21,82.33999633789062,82.80999755859375,81.79000091552734,82.63999938964844,81.75846862792969,817200
2021-07-22,82.66999816894531,82.66999816894531,81.12999725341797,81.66000366210938,80.7889175415039,879900
2021-07-23,81.83999633789062,82.41999816894531,81.12000274658203,81.80999755859375,80.93731689453125,614800
2021-07-26,81.80999755859375,82.4800033569336,81.27999877929688,82.0999984741211,81.22422790527344,991400
2021-07-27,81.2300033569336,82.5999984741211,80.8499984741211,82.01000213623047,81.13520050048828,909300
2021-07-28,81.98999786376953,83.69000244140625,81.91000366210938,83.26000213623047,82.37185668945312,1266900
2021-07-29,84.5,85.52999877929688,82.58999633789062,85.01000213623047,84.1031723022461,1312700
2021-07-30,84.97000122070312,85.0199966430664,83.45999908447266,84.87000274658203,83.96468353271484,894200
2021-08-02,85.7300033569336,87.30999755859375,83.4000015258789,83.58000183105469,82.68843841552734,943700
2021-08-03,84.06999969482422,85.83000183105469,82.91999816894531,85.55000305175781,84.6374282836914,762500
2021-08-04,84.37000274658203,86.18000030517578,84.37000274658203,84.83000183105469,83.92511749267578,934700
2021-08-05,85.6500015258789,86.5199966430664,85.36000061035156,86.0999984741211,85.18156433105469,818100
2021-08-06,86.83000183105469,87.04000091552734,85.75,86.12999725341797,85.21123504638672,916200
2021-08-09,85.73999786376953,87.02999877929688,85.12999725341797,86.75,85.82462310791016,867600
2021-08-10,86.9000015258789,88.12999725341797,86.12000274658203,87.73999786376953,86.80406951904297,833200
2021-08-11,87.81999969482422,89.55000305175781,87.5,89.48999786376953,88.53539276123047,1174700
2021-08-12,89.48999786376953,89.48999786376953,88.05999755859375,89.0,88.16885375976562,603500
2021-08-13,89.0199966430664,89.13999938964844,88.08999633789062,88.91000366210938,88.07969665527344,597200
2021-08-16,88.4000015258789,89.5199966430664,87.70999908447266,88.94999694824219,88.11931610107422,952700
2021-08-17,88.16999816894531,89.08000183105469,87.38999938964844,88.48999786376953,87.6635971069336,751400
2021-08-18,87.9000015258789,88.7699966430664,87.61000061035156,87.93000030517578,87.10884094238281,914200
2021-08-19,87.26000213623047,88.31999969482422,85.33999633789062,85.48999786376953,84.69163513183594,1560700
2021-08-20,85.43000030517578,86.23999786376953,85.12999725341797,85.73999786376953,84.93929290771484,1709700
2021-08-23,86.30999755859375,87.69000244140625,86.30999755859375,87.41999816894531,86.60360717773438,1776000
2021-08-24,87.69999694824219,88.41000366210938,87.04000091552734,87.13999938964844,86.32623291015625,1835100
2021-08-25,87.0999984741211,87.9000015258789,86.98999786376953,87.63999938964844,86.8215560913086,2201900
2021-08-26,88.04000091552734,88.7300033569336,87.2699966430664,88.0,87.17819213867188,2011800
2021-08-27,88.81999969482422,90.66999816894531,88.44999694824219,90.11000061035156,89.26848602294922,1013800
2021-08-30,90.30000305175781,90.45999908447266,89.58000183105469,89.62999725341797,88.79296875,1106600
2021-08-31,89.66000366210938,89.94000244140625,88.79000091552734,89.79000091552734,88.95148468017578,1204100
2021-09-01,89.93000030517578,90.27999877929688,87.9800033569336,88.69000244140625,87.86175537109375,1042200
2021-09-02,88.94999694824219,90.9000015258789,88.91999816894531,90.62000274658203,89.77371978759766,742300
2021-09-03,90.7300033569336,91.12000274658203,89.95999908447266,90.2300033569336,89.38736724853516,592900
2021-09-07,90.0999984741211,90.36000061035156,88.20999908447266,88.69000244140625,87.86175537109375,811000
2021-09-08,88.33000183105469,89.20999908447266,87.58999633789062,89.13999938964844,88.30754089355469,560500
2021-09-09,89.0,90.08000183105469,88.87999725341797,89.30000305175781,88.46605682373047,800300
2021-09-10,90.0,90.23999786376953,89.06999969482422,89.38999938964844,88.55520629882812,1183500
2021-09-13,90.48999786376953,90.83000183105469,89.52999877929688,90.33000183105469,89.48643493652344,1543100
2021-09-14,90.83999633789062,90.88999938964844,89.04000091552734,89.4000015258789,88.56511688232422,956400
2021-09-15,89.44000244140625,90.95999908447266,89.44000244140625,90.58999633789062,89.74401092529297,787600
2021-09-16,91.0,91.0,88.58000183105469,88.62000274658203,87.79240417480469,827900
2021-09-17,88.0999984741211,88.31999969482422,86.76000213623047,87.4800033569336,86.66304779052734,3474900
2021-09-20,85.54000091552734,86.55999755859375,84.58999633789062,86.36000061035156,85.55351257324219,1080800
2021-09-21,86.69999694824219,86.86000061035156,85.0,85.77999877929688,84.97892761230469,1000600
2021-09-22,86.8499984741211,87.94000244140625,86.38999938964844,86.86000061035156,86.04884338378906,608100
2021-09-23,87.51000213623047,89.97000122070312,87.41999816894531,89.38999938964844,88.55520629882812,988900
2021-09-24,89.06999969482422,89.75,88.70999908447266,89.41000366210938,88.57502746582031,626000
2021-09-27,89.51000213623047,90.81999969482422,89.47000122070312,90.11000061035156,89.26848602294922,860100
2021-09-28,89.87999725341797,90.36000061035156,88.41000366210938,88.48999786376953,87.6635971069336,1480200
2021-09-29,88.58999633789062,88.8499984741211,87.58000183105469,88.13999938964844,87.31687927246094,705200
2021-09-30,88.54000091552734,88.55000305175781,85.95999908447266,86.20999908447266,85.40491485595703,1260900
2021-10-01,87.08000183105469,89.08999633789062,86.38999938964844,88.5999984741211,87.77259063720703,867000
2021-10-04,88.81999969482422,89.62999725341797,88.05000305175781,88.9800033569336,88.1490478515625,873400
2021-10-05,89.41999816894531,90.41000366210938,88.43000030517578,89.55000305175781,88.7137222290039,946800
2021-10-06,88.37999725341797,89.20999908447266,86.94999694824219,88.81999969482422,87.99053192138672,764600
2021-10-07,89.87999725341797,90.72000122070312,89.47000122070312,90.33000183105469,89.48643493652344,655500
2021-10-08,90.12999725341797,90.5,89.51000213623047,89.66999816894531,88.83258819580078,638100
2021-10-11,89.68000030517578,90.37999725341797,89.25,89.30000305175781,88.46605682373047,758900
2021-10-12,89.13999938964844,90.12999725341797,89.13999938964844,89.9000015258789,89.0604476928711,711000
2021-10-13,90.04000091552734,90.30000305175781,88.72000122070312,89.44999694824219,88.61465454101562,661900
2021-10-14,90.44999694824219,91.4800033569336,89.7300033569336,91.08000183105469,90.22943878173828,748100
2021-10-15,91.88999938964844,92.41999816894531,91.41999816894531,92.0,91.14083862304688,579100
2021-10-18,91.37999725341797,91.7300033569336,90.83999633789062,91.18000030517578,90.32849884033203,557700
2021-10-19,91.80000305175781,92.16000366210938,91.0999984741211,91.91000366210938,91.05166625976562,547200
2021-10-20,92.08000183105469,93.97000122070312,91.66000366210938,93.3499984741211,92.47823333740234,655200
2021-10-21,93.16999816894531,93.5,92.5999984741211,93.0,92.13150024414062,549400
2021-10-22,93.30000305175781,93.41999816894531,91.9800033569336,92.4000015258789,91.53711700439453,765200
2021-10-25,92.4000015258789,92.94999694824219,92.0,92.91000366210938,92.04234313964844,945600
2021-10-26,92.98999786376953,93.45999908447266,91.58999633789062,91.68000030517578,90.8238296508789,1513200
2021-10-27,90.16999816894531,91.5,88.5199966430664,88.91000366210938,88.07969665527344,1271000
2021-10-28,88.69000244140625,90.97000122070312,88.69000244140625,90.87999725341797,90.03129577636719,764600
2021-10-29,90.5,91.80000305175781,90.1500015258789,90.7300033569336,89.88269805908203,1211200
2021-11-01,91.1500015258789,91.75,90.51000213623047,90.5199966430664,89.67465209960938,790300
2021-11-02,90.83999633789062,91.29000091552734,90.0,91.20999908447266,90.35822296142578,618900
2021-11-03,90.77999877929688,93.2699966430664,90.77999877929688,92.58000183105469,91.71541595458984,972300
2021-11-04,92.7300033569336,93.2300033569336,91.66000366210938,91.97000122070312,91.11112976074219,556800
2021-11-05,93.02999877929688,94.75,92.94000244140625,94.20999908447266,93.3302001953125,992500
2021-11-08,96.05000305175781,97.66000366210938,95.98999786376953,97.12000274658203,96.21302795410156,1490000
2021-11-09,96.94000244140625,97.30000305175781,95.6500015258789,96.5199966430664,95.61862182617188,754900
2021-11-10,96.38999938964844,97.70999908447266,96.05000305175781,96.36000061035156,95.46011352539062,958700
2021-11-11,96.51000213623047,97.44999694824219,96.38999938964844,97.05999755859375,96.1535873413086,929800
2021-11-12,97.36000061035156,97.38999938964844,96.26000213623047,97.11000061035156,96.32220458984375,497600
2021-11-15,97.37000274658203,97.37000274658203,95.56999969482422,95.91000366210938,95.1319351196289,611400
2021-11-16,95.9000015258789,96.83999633789062,95.5,95.70999908447266,94.93355560302734,887500
2021-11-17,95.58000183105469,95.58000183105469,94.30000305175781,95.16000366210938,94.38802337646484,472700
2021-11-18,95.37000274658203,95.44999694824219,93.81999969482422,94.56999969482422,93.80281066894531,769400
2021-11-19,94.1500015258789,95.7300033569336,93.83999633789062,95.36000061035156,94.5864028930664,897800
2021-11-22,96.04000091552734,97.12000274658203,95.45999908447266,95.91999816894531,95.141845703125,1348200
2021-11-23,96.01000213623047,96.44999694824219,95.1500015258789,96.05000305175781,95.27079772949219,1581600
2021-11-24,95.44000244140625,96.68000030517578,95.27999877929688,96.18000030517578,95.39973449707031,819500
2021-11-26,92.36000061035156,94.04000091552734,90.13999938964844,93.0199966430664,92.26537322998047,1134800
2021-11-29,94.05000305175781,94.18000030517578,91.20999908447266,92.47000122070312,91.71983337402344,833900
2021-11-30,91.54000091552734,91.83000183105469,88.4000015258789,88.7699966430664,88.04985046386719,1718100
2021-12-01,90.83000183105469,91.2300033569336,87.08000183105469,87.08000183105469,86.37357330322266,859500
2021-12-02,87.7699966430664,90.87999725341797,87.61000061035156,90.48999786376953,89.75590515136719,757800
2021-12-03,90.94000244140625,91.0,87.83999633789062,88.44999694824219,87.73246002197266,984600
2021-12-06,89.66999816894531,90.69000244140625,88.77999877929688,89.68000030517578,88.95247650146484,1217800
2021-12-07,90.62999725341797,92.08000183105469,90.43000030517578,91.4800033569336,90.73787689208984,677000
2021-12-08,91.69999694824219,92.31999969482422,90.98999786376953,91.3499984741211,90.60892486572266,557300
2021-12-09,90.86000061035156,92.58999633789062,90.19000244140625,91.58000183105469,90.83706665039062,1005900
2021-12-10,92.16999816894531,92.16999816894531,90.41999816894531,90.94000244140625,90.20226287841797,713200
2021-12-13,90.94000244140625,91.43000030517578,88.98999786376953,89.5199966430664,88.79376983642578,738900
2021-12-14,89.29000091552734,90.1500015258789,88.19000244140625,88.79000091552734,88.0697021484375,731300
2021-12-15,89.0,89.37999725341797,87.73999786376953,89.02999877929688,88.30774688720703,631400
2021-12-16,89.87000274658203,90.2300033569336,88.93000030517578,89.41000366210938,88.6846694946289,753400
2021-12-17,89.1500015258789,89.95999908447266,87.19000244140625,88.95999908447266,88.23831176757812,1742300
2021-12-20,87.73999786376953,87.73999786376953,85.11000061035156,86.80999755859375,86.10575866699219,734500
2021-12-21,87.69999694824219,89.38999938964844,87.5199966430664,89.2300033569336,88.5061264038086,754800
2021-12-22,89.2300033569336,89.7699966430664,89.01000213623047,89.7300033569336,89.0020751953125,366100
2021-12-23,90.19999694824219,90.91999816894531,89.8499984741211,89.8499984741211,89.12108612060547,520300
2021-12-27,89.9000015258789,91.05999755859375,89.37000274658203,91.0199966430664,90.28160095214844,430500
2021-12-28,90.83999633789062,91.52999877929688,90.80000305175781,91.20999908447266,90.4700698852539,314700
2021-12-29,91.13999938964844,92.20999908447266,90.8499984741211,91.94000244140625,91.19414520263672,395500
2021-12-30,92.12000274658203,92.76000213623047,91.63999938964844,91.80999755859375,91.065185546875,337200
2021-12-31,91.76000213623047,92.61000061035156,91.36000061035156,92.11000061035156,91.36276245117188,391300
2022-01-03,92.66000366210938,93.79000091552734,92.22000122070312,92.29000091552734,91.54131317138672,755200
2022-01-04,93.56999969482422,98.11000061035156,93.0,97.69999694824219,96.90740966796875,1338000
2022-01-05,98.04000091552734,99.16999816894531,96.41999816894531,96.55000305175781,95.76673889160156,1103100
2022-01-06,96.08000183105469,97.2699966430664,95.45999908447266,96.44000244140625,95.65764617919922,1057900
2022-01-07,96.31999969482422,96.31999969482422,94.4000015258789,95.0999984741211,94.32849884033203,917800
2022-01-10,95.0999984741211,95.33000183105469,93.08999633789062,94.41999816894531,93.65402221679688,860300
2022-01-11,94.41000366210938,94.41000366210938,92.0,92.4000015258789,91.6504135131836,1312900
2022-01-12,92.87000274658203,93.25,91.5199966430664,91.87000274658203,91.12471771240234,1153200
2022-01-13,92.22000122070312,93.91999816894531,91.75,93.48999786376953,92.7315673828125,1260600
2022-01-14,92.45999908447266,95.77999877929688,92.16000366210938,95.69999694824219,94.92363739013672,1016300
2022-01-18,95.41000366210938,95.75,92.55999755859375,93.12999725341797,92.37448120117188,730600
2022-01-19,93.79000091552734,93.79000091552734,90.91999816894531,91.91999816894531,91.17430114746094,1304300
2022-01-20,92.02999877929688,94.27999877929688,91.66000366210938,91.87999725341797,91.13461303710938,977500
2022-01-21,91.43000030517578,92.08999633789062,89.51000213623047,90.33000183105469,89.59720611572266,986000
2022-01-24,88.20999908447266,90.94999694824219,86.33999633789062,90.51000213623047,89.77574157714844,970000
2022-01-25,88.55999755859375,89.9000015258789,86.95999908447266,89.16000366210938,88.43670654296875,969700
2022-01-26,89.86000061035156,91.83000183105469,88.26000213623047,89.33999633789062,88.61522674560547,1056100
2022-01-27,90.44000244140625,91.33000183105469,86.58999633789062,87.30999755859375,86.60169982910156,757900
2022-01-28,86.6500015258789,87.94000244140625,84.54000091552734,87.87999725341797,87.16707611083984,894400
2022-01-31,87.31999969482422,88.98999786376953,86.47000122070312,88.9000015258789,88.17880249023438,836800
2022-02-01,88.81999969482422,90.37000274658203,88.33999633789062,89.81999969482422,89.09133911132812,788400
2022-02-02,89.4800033569336,91.37000274658203,88.80999755859375,90.72000122070312,89.9840316772461,572700
2022-02-03,90.11000061035156,90.80999755859375,88.66999816894531,88.94000244140625,88.2184829711914,710100
2022-02-04,88.4000015258789,89.12000274658203,87.05000305175781,87.94000244140625,87.22660064697266,755000
2022-02-07,88.06999969482422,89.56999969482422,86.9800033569336,88.52999877929688,87.81180572509766,1049300
2022-02-08,89.29000091552734,90.62999725341797,88.80000305175781,90.33000183105469,89.59720611572266,633800
2022-02-09,91.20999908447266,93.19000244140625,91.20999908447266,92.66000366210938,91.90831756591797,804800
2022-02-10,91.44000244140625,92.36000061035156,89.30000305175781,89.87999725341797,89.15084838867188,1068700
2022-02-11,90.06999969482422,90.76000213623047,87.13999938964844,87.81999969482422,87.10755920410156,1270800
2022-02-14,87.91999816894531,88.31999969482422,86.51000213623047,87.4800033569336,86.77032470703125,1164000
2022-02-15,88.69000244140625,90.29000091552734,88.41000366210938,89.7300033569336,89.0020751953125,1154900
2022-02-16,89.16000366210938,95.87999725341797,88.51000213623047,95.51000213623047,94.73519134521484,2245100
2022-02-17,95.0,96.41999816894531,93.0999984741211,96.04000091552734,95.26087188720703,2425700
2022-02-18,95.33999633789062,97.73999786376953,95.33999633789062,96.86000061035156,96.07423400878906,1932500
2022-02-22,96.6500015258789,97.44000244140625,94.26000213623047,94.66999816894531,93.90198516845703,1707400
2022-02-23,95.5199966430664,95.5199966430664,91.19000244140625,91.43000030517578,90.68828582763672,1625300
2022-02-24,89.4000015258789,93.23999786376953,88.6500015258789,92.9800033569336,92.37725830078125,1301100
2022-02-25,93.29000091552734,94.66999816894531,92.91000366210938,94.37999725341797,93.7681884765625,1467500
2022-02-28,92.98999786376953,94.13999938964844,91.4800033569336,92.81999969482422,92.21829986572266,1528400
2022-03-01,92.5,92.5,86.8499984741211,88.79000091552734,88.21442413330078,1976100
2022-03-02,89.83999633789062,93.94000244140625,88.95999908447266,93.19000244140625,92.58589935302734,1787300
2022-03-03,92.83999633789062,93.7300033569336,91.58999633789062,93.05000305175781,92.44680786132812,928800
2022-03-04,91.19999694824219,91.97000122070312,89.43000030517578,91.55999755859375,90.96646118164062,1265700
2022-03-07,91.44000244140625,91.61000061035156,89.79000091552734,89.91000366210938,89.3271713256836,1858300
2022-03-08,91.05999755859375,94.55000305175781,89.94999694824219,92.94000244140625,92.3375244140625,1635500
2022-03-09,94.08000183105469,94.87000274658203,92.54000091552734,92.91000366210938,92.3077163696289,1569700
2022-03-10,91.05000305175781,91.58000183105469,87.0,89.0,88.42305755615234,1233300
2022-03-11,90.0199966430664,90.47000122070312,88.91000366210938,89.04000091552734,88.46280670166016,1317200
2022-03-14,89.97000122070312,90.2300033569336,88.48999786376953,89.05999755859375,88.482666015625,1173600
2022-03-15,90.0,90.12000274658203,88.7300033569336,89.63999938964844,89.05890655517578,747700
2022-03-16,90.41000366210938,93.66000366210938,89.98999786376953,93.63999938964844,93.0329818725586,1260400
2022-03-17,92.6500015258789,94.25,92.55999755859375,94.22000122070312,93.60921478271484,1025000
2022-03-18,94.22000122070312,96.41999816894531,93.61000061035156,96.16000366210938,95.5366439819336,2826500
2022-03-21,96.37000274658203,98.26000213623047,95.9800033569336,96.54000091552734,95.91417694091797,1424500
2022-03-22,96.54000091552734,98.08000183105469,95.36000061035156,95.69000244140625,95.06969451904297,1114000
2022-03-23,95.20999908447266,96.58999633789062,94.79000091552734,95.69999694824219,95.07962036132812,924500
2022-03-24,96.05000305175781,97.0,95.62999725341797,96.94999694824219,96.32152557373047,905400
2022-03-25,97.0,97.81999969482422,96.06999969482422,97.12999725341797,96.50035095214844,1388000
2022-03-28,96.87999725341797,98.5,96.86000061035156,98.2699966430664,97.63296508789062,1608400
2022-03-29,98.87999725341797,100.05000305175781,98.0,99.58000183105469,98.93448638916016,1355900
2022-03-30,99.56999969482422,99.95999908447266,98.27999877929688,99.0999984741211,98.45758056640625,835300
2022-03-31,98.3499984741211,99.18000030517578,95.9800033569336,96.16999816894531,95.54657745361328,1271800
2022-04-01,97.11000061035156,97.31999969482422,94.30999755859375,95.44000244140625,94.82131958007812,968900
2022-04-04,95.43000030517578,95.66999816894531,93.51000213623047,93.66000366210938,93.0528564453125,1201900
2022-04-05,93.16000366210938,93.62999725341797,89.3499984741211,90.11000061035156,89.52586364746094,1837400
2022-04-06,89.43000030517578,91.11000061035156,89.41000366210938,90.94000244140625,90.35049438476562,1173600
2022-04-07,90.06999969482422,91.0999984741211,89.0999984741211,90.61000061035156,90.02262878417969,1023500
2022-04-08,90.75,90.75,88.58000183105469,89.30999755859375,88.73104858398438,1169100
2022-04-11,89.43000030517578,91.11000061035156,88.88999938964844,89.01000213623047,88.43299865722656,878000
2022-04-12,89.5199966430664,90.29000091552734,88.37000274658203,88.55999755859375,87.98591613769531,626600
2022-04-13,88.3499984741211,89.7699966430664,88.3499984741211,89.55999755859375,88.97942352294922,621200
2022-04-14,89.87999725341797,90.33999633789062,89.11000061035156,89.16999816894531,88.59196472167969,741700
2022-04-18,89.12000274658203,90.0199966430664,88.5199966430664,88.91999816894531,88.34358215332031,465800
2022-04-19,89.38999938964844,91.0199966430664,89.27999877929688,90.94999694824219,90.36041259765625,864000
2022-04-20,91.91000366210938,94.19999694824219,91.91000366210938,93.86000061035156,93.25154876708984,906500
2022-04-21,95.0,95.58000183105469,92.06999969482422,92.5199966430664,91.92024230957031,1037800
2022-04-22,91.79000091552734,92.05000305175781,88.94999694824219,89.12999725341797,88.55221557617188,749500
2022-04-25,88.37999725341797,89.44000244140625,86.86000061035156,89.25,88.67144012451172,1221100
2022-04-26,88.4800033569336,89.30000305175781,86.51000213623047,86.51000213623047,85.94920349121094,1068400
2022-04-27,87.55000305175781,90.55999755859375,86.31999969482422,90.02999877929688,89.4463882446289,1564800
2022-04-28,91.45999908447266,94.08999633789062,90.5199966430664,93.63999938964844,93.0329818725586,1407100
2022-04-29,93.0,93.52999877929688,89.62000274658203,89.91000366210938,89.3271713256836,955600
2022-05-02,90.1500015258789,92.19999694824219,89.94000244140625,91.93000030517578,91.33406829833984,1475500
2022-05-03,92.05999755859375,93.2699966430664,91.29000091552734,92.11000061035156,91.51290130615234,1030600
2022-05-04,92.4800033569336,94.98999786376953,91.43000030517578,94.73999786376953,94.12584686279297,1090500
2022-05-05,93.79000091552734,94.20999908447266,90.7699966430664,91.66000366210938,91.06582641601562,838400
2022-05-06,91.5999984741211,91.5999984741211,88.47000122070312,89.80000305175781,89.2178726196289,1045100
2022-05-09,88.61000061035156,89.55999755859375,86.51000213623047,86.87000274658203,86.30686950683594,686900
2022-05-10,87.93000030517578,88.30000305175781,85.18000030517578,86.68000030517578,86.11810302734375,1054600
2022-05-11,86.83000183105469,87.76000213623047,84.11000061035156,84.23999786376953,83.69390869140625,1467400
2022-05-12,84.4800033569336,86.19000244140625,84.08999633789062,85.95999908447266,85.40277099609375,1045500
2022-05-13,86.77999877929688,88.16000366210938,86.4000015258789,86.79000091552734,86.22738647460938,574700
2022-05-16,86.66000366210938,87.0199966430664,85.22000122070312,86.29000091552734,85.73062896728516,476500
2022-05-17,88.08999633789062,89.44000244140625,87.45999908447266,89.37000274658203,88.79066467285156,489000
2022-05-18,88.9000015258789,89.26000213623047,86.94999694824219,87.19000244140625,86.62480163574219,588300
2022-05-19,85.87999725341797,88.68000030517578,85.83000183105469,87.05000305175781,86.63475036621094,882900
2022-05-20,87.5199966430664,87.94999694824219,85.0,86.95999908447266,86.54517364501953,783500
2022-05-23,88.86000061035156,88.86000061035156,87.08999633789062,87.6500015258789,87.23188781738281,663500
2022-05-24,87.01000213623047,87.0199966430664,85.0,86.36000061035156,85.94802856445312,572300
2022-05-25,86.12999725341797,88.58000183105469,85.94999694824219,88.1500015258789,87.72949981689453,883800
2022-05-26,89.22000122070312,91.16999816894531,89.0,90.75,90.31709289550781,896400
2022-05-27,91.86000061035156,95.0,91.83000183105469,94.93000030517578,94.47715759277344,1419300
2022-05-31,94.75,95.22000122070312,94.02999877929688,94.45999908447266,94.00939178466797,1687400
2022-06-01,94.45999908447266,94.75,91.45999908447266,93.20999908447266,92.7653579711914,1120600
2022-06-02,93.41999816894531,95.5,93.2699966430664,94.95999908447266,94.50701141357422,873000
2022-06-03,93.83000183105469,94.86000061035156,93.62000274658203,94.66999816894531,94.21839141845703,465200
2022-06-06,95.0,95.62000274658203,93.83000183105469,94.52999877929688,94.07906341552734,667700
2022-06-07,93.55000305175781,94.95999908447266,93.2300033569336,94.83000183105469,94.37763214111328,655600
2022-06-08,93.98999786376953,94.76000213623047,93.41999816894531,94.0,93.55158996582031,509900
2022-06-09,93.76000213623047,94.47000122070312,92.7699966430664,92.81999969482422,92.3772201538086,437900
2022-06-10,90.54000091552734,91.51000213623047,89.58000183105469,90.25,89.8194808959961,1034500
2022-06-13,87.97000122070312,88.0,85.16000366210938,85.80999755859375,85.4006576538086,820600
2022-06-14,86.19999694824219,87.08000183105469,85.41999816894531,86.31999969482422,85.90823364257812,642300
2022-06-15,87.4000015258789,89.01000213623047,86.55000305175781,88.0,87.58021545410156,868500
2022-06-16,86.08999633789062,86.30999755859375,83.0199966430664,84.0999984741211,83.69881439208984,1176200
2022-06-17,83.87000274658203,84.43000030517578,81.69000244140625,83.27999877929688,82.88272857666016,2222600
2022-06-21,85.0,85.75,83.6500015258789,84.62000274658203,84.2163314819336,812300
2022-06-22,82.87999725341797,84.62999725341797,82.62000274658203,83.73999786376953,83.34053039550781,734600
2022-06-23,82.25,82.93000030517578,79.91999816894531,80.76000213623047,80.374755859375,1171800
2022-06-24,82.33999633789062,85.30000305175781,82.0999984741211,85.05000305175781,84.644287109375,1088800
2022-06-27,85.8499984741211,86.38999938964844,84.91999816894531,85.3499984741211,84.94285583496094,638700
2022-06-28,86.08999633789062,86.62999725341797,83.51000213623047,83.66999816894531,83.27086639404297,871200
2022-06-29,84.08999633789062,84.08999633789062,82.05000305175781,82.62999725341797,82.23582458496094,641800
2022-06-30,81.23999786376953,82.58999633789062,80.37000274658203,82.08000183105469,81.6884536743164,1152900
2022-07-01,82.18000030517578,83.51000213623047,80.52999877929688,83.0999984741211,82.7035903930664,1040600
2022-07-05,81.23999786376953,82.37999725341797,79.51000213623047,82.19000244140625,81.79793548583984,1461700
2022-07-06,82.11000061035156,82.8499984741211,80.73999786376953,82.33999633789062,81.94721221923828,1020800
2022-07-07,83.94999694824219,84.66999816894531,83.45999908447266,83.76000213623047,83.36043548583984,1231200
2022-07-08,83.91999816894531,84.18000030517578,82.13999938964844,83.0199966430664,82.62396240234375,985500
2022-07-11,82.0999984741211,83.11000061035156,81.88999938964844,82.31999969482422,81.92730712890625,690000
2022-07-12,81.4800033569336,83.66000366210938,81.30000305175781,82.12999725341797,81.73820495605469,696800
2022-07-13,80.69999694824219,81.44999694824219,79.87999725341797,80.77999877929688,80.3946533203125,789200
2022-07-14,79.05000305175781,80.87999725341797,78.26000213623047,80.56999969482422,80.18565368652344,1379200
2022-07-15,82.33999633789062,83.26000213623047,81.12999725341797,83.16999816894531,82.77324676513672,920600
2022-07-18,83.94999694824219,84.38999938964844,82.05000305175781,82.56999969482422,82.17610931396484,494400
2022-07-19,84.22000122070312,86.36000061035156,84.22000122070312,86.2300033569336,85.81865692138672,965300
2022-07-20,86.0,86.87999725341797,85.44000244140625,86.5,86.08736419677734,912000
2022-07-21,86.05999755859375,86.66000366210938,85.41999816894531,86.31999969482422,85.90823364257812,666500
2022-07-22,86.31999969482422,87.08999633789062,85.11000061035156,85.91000366210938,85.50019073486328,772600
2022-07-25,86.3499984741211,87.12999725341797,85.52999877929688,86.9000015258789,86.48546600341797,499600
2022-07-26,86.79000091552734,87.48999786376953,86.20999908447266,87.01000213623047,86.59493255615234,386400
2022-07-27,87.6500015258789,92.6500015258789,87.6500015258789,91.8499984741211,91.4118423461914,1802400
2022-07-28,92.2699966430664,94.12000274658203,91.73999786376953,93.77999877929688,93.3326416015625,1421100
2022-07-29,94.01000213623047,94.33999633789062,93.1500015258789,93.47000122070312,93.02412414550781,904100
2022-08-01,92.41999816894531,93.38999938964844,91.54000091552734,93.0199966430664,92.57626342773438,702900
2022-08-02,92.61000061035156,93.69999694824219,91.18000030517578,91.2699966430664,90.83460998535156,1575600
2022-08-03,91.87000274658203,92.44000244140625,91.16000366210938,91.5,91.06352233886719,694100
2022-08-04,91.44999694824219,92.56999969482422,90.5199966430664,92.23999786376953,91.79998779296875,1086400
2022-08-05,91.31999969482422,95.61000061035156,90.5999984741211,95.12000274658203,94.66625213623047,1358600
2022-08-08,95.66999816894531,95.95999908447266,92.70999908447266,92.83999633789062,92.3971176147461,873500
2022-08-09,92.80000305175781,93.38999938964844,91.9800033569336,92.41000366210938,91.96917724609375,600600
2022-08-10,94.51000213623047,94.98999786376953,94.08000183105469,94.4000015258789,93.94969177246094,1070300
2022-08-11,95.33999633789062,95.33999633789062,94.11000061035156,94.5,94.04920196533203,799900
2022-08-12,94.77999877929688,96.29000091552734,94.43000030517578,96.23999786376953,95.93318176269531,430800
2022-08-15,95.3499984741211,96.20999908447266,95.12000274658203,96.08999633789062,95.78366088867188,877700
2022-08-16,95.91999816894531,96.91999816894531,95.75,96.33999633789062,96.0328598022461,580100
2022-08-17,95.06999969482422,95.47000122070312,94.5,94.63999938964844,94.3382797241211,560400
2022-08-18,96.41999816894531,96.58000183105469,94.66000366210938,94.81999969482422,94.51770782470703,574200
2022-08-19,94.18000030517578,94.18000030517578,93.05999755859375,93.55999755859375,93.26172637939453,1043100
2022-08-22,92.0999984741211,92.5999984741211,91.20999908447266,91.36000061035156,91.0687484741211,511300
2022-08-23,91.69999694824219,92.58000183105469,90.7300033569336,91.30000305175781,91.0089340209961,577900
2022-08-24,91.43000030517578,92.76000213623047,91.05999755859375,91.87999725341797,91.58708190917969,356400
2022-08-25,92.70999908447266,93.58000183105469,92.44000244140625,93.44999694824219,93.1520767211914,453000
2022-08-26,93.69000244140625,93.7699966430664,90.27999877929688,90.44000244140625,90.15167999267578,618700
2022-08-29,89.44999694824219,90.6500015258789,89.05000305175781,90.0999984741211,89.81275177001953,794900
2022-08-30,90.08999633789062,90.19999694824219,88.19999694824219,89.05000305175781,88.76610565185547,811300
2022-08-31,89.25,89.41000366210938,87.26000213623047,87.6500015258789,87.37057495117188,714600
2022-09-01,87.27999877929688,87.37999725341797,86.0,86.87999725341797,86.60301971435547,749300
2022-09-02,88.08999633789062,88.91999816894531,85.97000122070312,86.38999938964844,86.11458587646484,526700
2022-09-06,86.94999694824219,87.41999816894531,86.0,87.31999969482422,87.04161834716797,636600
2022-09-07,86.91000366210938,89.19999694824219,86.83999633789062,88.9000015258789,88.61658477783203,520900
2022-09-08,88.5199966430664,89.98999786376953,87.75,89.79000091552734,89.50374603271484,479100
2022-09-09,90.91000366210938,91.44000244140625,90.76000213623047,91.2300033569336,90.93915557861328,391900
2022-09-12,92.0,94.0999984741211,91.98999786376953,93.79000091552734,93.4909896850586,826100
2022-09-13,91.30000305175781,92.02999877929688,89.62999725341797,90.04000091552734,89.7529525756836,749800
2022-09-14,90.16999816894531,90.45999908447266,88.38999938964844,89.2699966430664,88.98539733886719,858300
2022-09-15,89.05000305175781,90.44000244140625,87.5,87.8499984741211,87.56993103027344,720600
2022-09-16,86.72000122070312,86.91999816894531,85.26000213623047,85.94999694824219,85.67598724365234,1729000
2022-09-19,85.18000030517578,88.80999755859375,85.18000030517578,88.76000213623047,88.4770278930664,1221500
2022-09-20,88.13999938964844,88.5199966430664,86.08999633789062,86.91999816894531,86.64289093017578,945500
2022-09-21,87.91000366210938,89.2699966430664,86.62999725341797,86.63999938964844,86.36378479003906,1064700
2022-09-22,86.91999816894531,86.98999786376953,84.37000274658203,84.44999694824219,84.18077087402344,842200
2022-09-23,83.06999969482422,83.95999908447266,81.7300033569336,82.7300033569336,82.46625518798828,978300
2022-09-26,82.54000091552734,83.06999969482422,81.12999725341797,81.20999908447266,80.95110321044922,1231200
2022-09-27,82.18000030517578,82.22000122070312,79.33000183105469,80.75,80.49256896972656,767100
2022-09-28,81.30000305175781,83.61000061035156,80.5999984741211,83.08000183105469,82.81513977050781,1029300
2022-09-29,82.22000122070312,82.22000122070312,80.08000183105469,81.72000122070312,81.45947265625,609500
2022-09-30,81.95999908447266,83.0199966430664,80.66999816894531,81.3499984741211,81.09065246582031,1160700
2022-10-03,82.68000030517578,85.58000183105469,81.9800033569336,84.5199966430664,84.25054168701172,1131500
2022-10-04,86.38999938964844,88.19000244140625,86.1500015258789,88.11000061035156,87.8291015625,951900
2022-10-05,86.83999633789062,88.97000122070312,86.45999908447266,88.06999969482422,87.78923034667969,736200
2022-10-06,87.58999633789062,88.55000305175781,87.16999816894531,87.4000015258789,87.12136840820312,439100
2022-10-07,86.08999633789062,86.63999938964844,85.33999633789062,86.04000091552734,85.76570129394531,562200
2022-10-10,86.80000305175781,86.87000274658203,84.69000244140625,85.93000030517578,85.65605163574219,684600
2022-10-11,85.66000366210938,87.5999984741211,85.05999755859375,85.81999969482422,85.54640197753906,779500
2022-10-12,86.13999938964844,86.30999755859375,84.37999725341797,84.41000366210938,84.14089965820312,548400
2022-10-13,82.88999938964844,87.0199966430664,82.0,85.5999984741211,85.32710266113281,913400
2022-10-14,85.9800033569336,86.33999633789062,83.7300033569336,84.08999633789062,83.82191467285156,695000
2022-10-17,85.80999755859375,86.19000244140625,85.05000305175781,85.80000305175781,85.52647399902344,884300
2022-10-18,88.12999725341797,88.7300033569336,86.19999694824219,87.31999969482422,87.04161834716797,803600
2022-10-19,86.9000015258789,87.70999908447266,86.43000030517578,87.0999984741211,86.82232666015625,822300
2022-10-20,87.16000366210938,87.23999786376953,83.76000213623047,83.9800033569336,83.71227264404297,832200
2022-10-21,84.47000122070312,86.62000274658203,83.93000030517578,86.56999969482422,86.29401397705078,1023500
2022-10-24,87.12000274658203,88.7300033569336,86.7300033569336,88.33000183105469,88.04840087890625,1002500
2022-10-25,88.19000244140625,90.44999694824219,88.19000244140625,89.9800033569336,89.69314575195312,844000
2022-10-26,90.8499984741211,91.5199966430664,89.73999786376953,90.76000213623047,90.47065734863281,789300
2022-10-27,91.95999908447266,93.18000030517578,91.23999786376953,91.27999877929688,90.98899841308594,921400
2022-10-28,91.5199966430664,93.6500015258789,90.5999984741211,93.55999755859375,93.26172637939453,1216400
2022-10-31,92.93000030517578,93.61000061035156,92.30999755859375,93.27999877929688,92.98262023925781,1287100
2022-11-01,93.25,94.0,91.51000213623047,93.76000213623047,93.46109008789062,901200
2022-11-02,93.08000183105469,93.5199966430664,90.30000305175781,90.44999694824219,90.16163635253906,913900
2022-11-03,89.20999908447266,93.69000244140625,88.91000366210938,92.7699966430664,92.4742431640625,1245000
2022-11-04,94.0,95.72000122070312,92.88999938964844,95.44999694824219,95.14569854736328,1262500
2022-11-07,95.77999877929688,96.55999755859375,94.97000122070312,96.41999816894531,96.11260223388672,668300
2022-11-08,96.83999633789062,98.9800033569336,96.6500015258789,98.04000091552734,97.72744750976562,1549700
2022-11-09,97.2300033569336,98.05000305175781,96.41000366210938,96.4800033569336,96.17241668701172,1049800
2022-11-10,99.5199966430664,100.77999877929688,97.75,100.3499984741211,100.18584442138672,1676100
2022-11-11,100.47000122070312,101.70999908447266,99.0999984741211,101.06999969482422,100.9046630859375,2006000
2022-11-14,100.72000122070312,102.11000061035156,99.62999725341797,99.68000030517578,99.51693725585938,933600
2022-11-15,100.38999938964844,100.52999877929688,98.43000030517578,99.38999938964844,99.22740936279297,825300
2022-11-16,99.76000213623047,99.76000213623047,98.4800033569336,99.18000030517578,99.01775360107422,497500
2022-11-17,97.70999908447266,98.66999816894531,97.16000366210938,98.62999725341797,98.4686508178711,517400
2022-11-18,99.87999725341797,99.98999786376953,98.41000366210938,99.16000366210938,98.99779510498047,709800
2022-11-21,98.79000091552734,100.41000366210938,98.29000091552734,99.66999816894531,99.50695037841797,510200
2022-11-22,100.22000122070312,100.6500015258789,99.04000091552734,100.33000183105469,100.16587829589844,551100
2022-11-23,100.54000091552734,101.02999877929688,99.51000213623047,99.9800033569336,99.81645202636719,460200
2022-11-25,100.01000213623047,101.12000274658203,100.01000213623047,100.87999725341797,100.71497344970703,191200
2022-11-28,100.05000305175781,100.4000015258789,98.43000030517578,98.79000091552734,98.6283950805664,359000
2022-11-29,99.27999877929688,99.48999786376953,98.5999984741211,98.69999694824219,98.53853607177734,444900
2022-11-30,98.69999694824219,101.16999816894531,97.8499984741211,101.08999633789062,100.92462921142578,921300
2022-12-01,101.9800033569336,103.16000366210938,100.52999877929688,103.04000091552734,102.87144470214844,754500
2022-12-02,101.83000183105469,103.86000061035156,101.55999755859375,103.37999725341797,103.21088409423828,690800
2022-12-05,102.68000030517578,102.95999908447266,101.69000244140625,101.73999786376953,101.57357025146484,871000
2022-12-06,101.62000274658203,102.56999969482422,99.13999938964844,100.43000030517578,100.26570892333984,873100
2022-12-07,100.63999938964844,101.61000061035156,100.29000091552734,100.91000366210938,100.74492645263672,1067400
2022-12-08,101.0,102.66999816894531,100.94999694824219,102.3499984741211,102.18257141113281,1000700
2022-12-09,102.45999908447266,102.79000091552734,100.33999633789062,100.38999938964844,100.22577667236328,745300
2022-12-12,100.5999984741211,103.4000015258789,100.20999908447266,103.16999816894531,103.00122833251953,917200
2022-12-13,105.2699966430664,105.51000213623047,102.56999969482422,102.95999908447266,102.79157257080078,1098100
2022-12-14,103.4000015258789,104.66000366210938,102.91999816894531,103.41000366210938,103.24083709716797,1112600
2022-12-15,102.33000183105469,102.33000183105469,99.91999816894531,100.19000244140625,100.02610778808594,1130600
2022-12-16,99.0,99.80999755859375,98.37000274658203,99.25,99.08763885498047,1809600
2022-12-19,99.18000030517578,100.87000274658203,98.87000274658203,99.45999908447266,99.29729461669922,834000
2022-12-20,99.54000091552734,100.54000091552734,99.2300033569336,99.87000274658203,99.70662689208984,1022800
2022-12-21,100.62000274658203,102.20999908447266,100.29000091552734,101.51000213623047,101.34394836425781,776200
2022-12-22,100.51000213623047,100.51000213623047,98.51000213623047,100.0999984741211,99.93624877929688,540200
2022-12-23,100.4000015258789,100.9000015258789,99.73999786376953,100.48999786376953,100.32561492919922,390000
2022-12-27,100.45999908447266,101.47000122070312,100.2300033569336,100.83999633789062,100.67503356933594,484500
2022-12-28,100.94999694824219,101.0199966430664,99.23999786376953,99.36000061035156,99.19746398925781,349800
2022-12-29,100.0199966430664,100.95999908447266,99.62999725341797,100.37000274658203,100.205810546875,366700
2022-12-30,99.8499984741211,100.08000183105469,98.94999694824219,99.80999755859375,99.64672088623047,433400
2023-01-03,100.44999694824219,101.16999816894531,99.01000213623047,99.76000213623047,99.59680938720703,716800
2023-01-04,100.41000366210938,101.80999755859375,100.05999755859375,101.2300033569336,101.06440734863281,750500
2023-01-05,100.43000030517578,101.43000030517578,99.70999908447266,99.87999725341797,99.71660614013672,709800
2023-01-06,101.0,102.70999908447266,100.79000091552734,101.54000091552734,101.37389373779297,933600
2023-01-09,102.12999725341797,103.04000091552734,100.91000366210938,100.91000366210938,100.74492645263672,889800
2023-01-10,100.72000122070312,101.26000213623047,99.63999938964844,101.23999786376953,101.07438659667969,1213300
2023-01-11,101.7699966430664,101.91000366210938,100.51000213623047,101.73999786376953,101.57357025146484,927400
2023-01-12,102.44000244140625,104.31999969482422,101.81999969482422,103.58999633789062,103.42053985595703,990300
2023-01-13,103.01000213623047,104.31999969482422,103.01000213623047,104.0999984741211,103.92970275878906,713100
2023-01-17,103.9000015258789,104.77999877929688,103.16000366210938,103.2300033569336,103.0611343383789,783400
2023-01-18,103.3499984741211,104.33000183105469,101.61000061035156,101.83999633789062,101.67340087890625,899000
2023-01-19,101.47000122070312,101.69000244140625,99.76000213623047,100.08000183105469,99.9162826538086,645600
2023-01-20,100.66000366210938,101.87999725341797,99.9800033569336,101.8499984741211,101.68338775634766,636000
2023-01-23,102.12999725341797,103.98999786376953,101.69000244140625,103.83000183105469,103.66014862060547,557200
2023-01-24,102.7699966430664,106.38999938964844,102.7699966430664,104.98999786376953,104.81825256347656,873400
2023-01-25,103.8499984741211,104.3499984741211,102.61000061035156,103.70999908447266,103.54034423828125,853600
2023-01-26,104.0,104.81999969482422,102.88999938964844,104.02999877929688,103.85982513427734,1571500
2023-01-27,103.80999755859375,104.19000244140625,102.94000244140625,103.12999725341797,102.96128845214844,1150000
2023-01-30,102.55999755859375,103.68000030517578,102.26000213623047,102.87000274658203,102.70172119140625,996800
2023-01-31,103.16000366210938,103.8499984741211,101.72000122070312,103.80999755859375,103.64018249511719,1064700
2023-02-01,103.62999725341797,105.31999969482422,102.01000213623047,104.4800033569336,104.30908966064453,1684500
2023-02-02,104.61000061035156,106.37000274658203,104.20999908447266,105.45999908447266,105.28748321533203,1675100
2023-02-03,104.58000183105469,106.4800033569336,104.58000183105469,105.52999877929688,105.35736846923828,1401500
2023-02-06,105.19000244140625,105.73999786376953,104.08999633789062,104.81999969482422,104.64852905273438,529400
2023-02-07,104.36000061035156,105.86000061035156,103.48999786376953,105.54000091552734,105.36735534667969,892100
2023-02-08,104.81999969482422,105.4000015258789,103.63999938964844,103.91999816894531,103.75,763500
2023-02-09,104.83999633789062,105.0,102.47000122070312,102.63999938964844,102.47209930419922,643800
2023-02-10,102.55999755859375,103.37000274658203,102.0,103.30999755859375,103.14099884033203,550600
2023-02-13,103.27999877929688,104.0999984741211,102.7699966430664,103.9800033569336,103.80990600585938,636000
2023-02-14,103.94000244140625,104.55000305175781,102.4800033569336,103.44999694824219,103.28076934814453,834100
2023-02-15,105.81999969482422,107.11000061035156,103.70999908447266,105.5999984741211,105.42725372314453,1425600
2023-02-16,104.68000030517578,105.37000274658203,104.04000091552734,104.37999725341797,104.20924377441406,931100
2023-02-17,104.5,105.5199966430664,104.01000213623047,105.48999786376953,105.31742858886719,1297600
2023-02-21,104.12000274658203,105.16000366210938,103.33999633789062,103.93000030517578,103.7599868774414,1491600
2023-02-22,103.98999786376953,105.98999786376953,103.62999725341797,103.91999816894531,103.75,1120600
2023-02-23,104.0199966430664,104.56999969482422,102.6500015258789,104.23999786376953,104.23999786376953,1630800
2023-02-24,103.45999908447266,103.81999969482422,102.26000213623047,103.5,103.5,652100
2023-02-27,103.5999984741211,104.87000274658203,103.5,104.22000122070312,104.22000122070312,886700
2023-02-28,104.16000366210938,105.06999969482422,103.8499984741211,104.33000183105469,104.33000183105469,1278100
2023-03-01,104.30999755859375,105.58000183105469,104.22000122070312,104.88999938964844,104.88999938964844,1157600
2023-03-02,103.75,106.37000274658203,103.75,106.25,106.25,847900
2023-03-03,106.69999694824219,107.38999938964844,105.8499984741211,107.31999969482422,107.31999969482422,940800
